3674.9623476185384 16077.279634047056 20791.166960264225 0.0
-1855.6175895603133 -15938.275630913622 -22181.206991598574 0.0
-21.683520035952952 -49.75793941664808 -361.51259092110024 0.0
-28.7780676691316 -58.49396594713729 -190.05841647001807 0.0
-35.75904141666335 -61.50419553929698 0.0 0.0
-42.5988905644747 -58.49396594713729 190.05841647001594 0.0
-49.270621352814814 -49.75793941664808 361.5125909211068 0.0
-55.74790350828316 -36.15125909210981 497.5793941664907 0.0
-62.00517415738904 -19.00584164700403 584.9396594713774 0.0
-68.01773871157212 2.220446049250313e-12 615.0419553929487 0.0
-73.76186832541265 19.00584164699959 584.9396594713772 0.0
-79.21489354355096 36.15125909211203 497.5793941664964 0.0
-84.3552937667269 49.75793941664808 361.51259092110485 0.0
-89.16278218367601 58.49396594713729 190.0584164700067 0.0
-93.61838583394454 61.50419553929698 8.881784197001252e-12 0.0
-97.70452048548871 58.49396594713729 -190.0584164700156 0.0
-101.4050600316363 49.75793941664808 -361.5125909211137 0.0
-104.70540013340023 36.15125909210981 -497.5793941664852 0.0
-107.5925158561919 19.00584164700403 -584.9396594713774 0.0
-110.05501307322696 -2.220446049250313e-12 -615.0419553929476 0.0
-112.0831734330352 -19.00584164699959 -584.9396594713818 0.0
-113.66899271322062 -36.15125909211203 -497.57939416649856 0.0
-114.80621240959721 -49.75793941664808 -361.51259092108904 0.0
-115.49034443556039 -58.49396594713729 -190.05841647002484 0.0
-115.71868883454961 -61.50419553929698 0.0 0.0
-115.49034443556039 -58.49396594713729 190.05841647001807 0.0
-114.80621240959721 -49.75793941664808 361.51259092109365 0.0
-113.66899271322062 -36.15125909210981 497.57939416650953 0.0
-112.08317343303075 -19.00584164700403 584.9396594713685 0.0
-110.05501307324027 2.220446049250313e-12 615.0419553929498 0.0
-107.59251585617857 19.00584164699959 584.9396594713772 0.0
-104.70540013340023 36.15125909211203 497.57939416649407 0.0
-101.40506003164073 49.75793941664808 361.51259092111144 0.0
-97.70452048549316 58.49396594713729 190.05841647001134 0.0
-93.61838583394011 61.50419553929698 -1.3145040611561853e-11 0.0
-89.16278218366713 58.49396594713729 -190.05841647000707 0.0
-84.35529376674467 49.75793941664808 -361.5125909211025 0.0
-79.21489354353763 36.15125909210981 -497.5793941664918 0.0
-73.7618683254194 19.00584164700403 -584.9396594713774 0.0
-68.01773871157212 0.0 -615.041955392952 0.0
-62.005174157391174 -19.00584164700403 -584.9396594713729 0.0
-55.747903508267704 -36.15125909210981 -497.57939416649623 0.0
-49.27062135283684 -49.75793941664808 -361.5125909211004 0.0
-42.59889056445587 -58.49396594713729 -190.0584164700202 0.0
-35.7590414166733 -61.50419553929698 -1.1013412404281553e-11 0.0
-28.7780676691316 -58.49396594713729 190.0584164700291 0.0
-21.68352003594123 -49.75793941664808 361.51259092111144 0.0
-14.50339745546998 -36.15125909210981 497.5793941664829 0.0
-7.266036591171954 -19.00584164700403 584.9396594713774 0.0
-3.552713678800501e-13 0.0 615.0419553929531 0.0
7.266036591186165 19.00584164700403 584.9396594713708 0.0
14.503397455428768 36.15125909210759 497.5793941665062 0.0
21.68352003598173 49.75793941665252 361.5125909210826 0.0
28.77806766911739 58.493965947135074 190.0584164700401 0.0
35.75904141666406 61.50419553929698 0.0 0.0
42.59889056447719 58.49396594713729 -190.05841647004223 0.0
49.27062135282583 49.75793941664808 -361.512590921096 0.0
55.74790350825651 36.15125909210981 -497.57939416648964 0.0
62.005174157413556 19.00584164700403 -584.9396594713685 0.0
68.01773871156094 0.0 -615.0419553929564 0.0
73.7618683254082 -19.00584164700403 -584.9396594713729 0.0
79.21489354355326 -36.15125909210759 -497.579394166503 0.0
84.35529376673578 -49.75793941665252 -361.5125909210869 0.0
89.16278218368045 -58.493965947135074 -190.05841647003797 0.0
93.61838583394011 -61.50419553929698 2.2026824808563106e-11 0.0
97.7045204854754 -58.49396594713729 190.05841646999818 0.0
101.40506003164961 -49.757939416650295 361.5125909211047 0.0
104.70540013339135 -36.15125909210759 497.5793941665085 0.0
107.59251585619633 -19.00584164700403 584.9396594713708 0.0
110.0550130732314 4.440892098500626e-12 615.0419553929421 0.0
112.08317343302632 19.005841646997368 584.9396594713861 0.0
113.66899271322505 36.15125909211203 497.57939416647866 0.0
114.80621240959721 49.75793941664808 361.5125909211203 0.0
115.49034443556039 58.49396594713729 190.05841647002234 0.0
115.71868883454961 61.50419553929698 -1.9895196601282805e-11 0.0
115.49034443556039 58.49396594713729 -190.0584164700003 0.0
114.80621240959721 49.75793941664808 -361.512590921118 0.0
113.66899271322062 36.15125909211203 -497.57939416648077 0.0
112.08317343303075 19.00584164700181 -584.9396594713862 0.0
110.0550130732314 -2.220446049250313e-12 -615.0419553929476 0.0
107.59251585619633 -19.00584164699959 -584.9396594713862 0.0
104.70540013338692 -36.15125909211425 -497.57939416647633 0.0
101.4050600316585 -49.757939416645854 -361.5125909210981 0.0
97.70452048547095 -58.49396594713729 -190.05841647001807 0.0
93.61838583394011 -61.50419553929698 -2.2026824808563106e-11 0.0
89.16278218368933 -58.49396594713729 190.05841647001807 0.0
84.35529376673578 -49.75793941664808 361.51259092112014 0.0
79.2148935435133 -36.15125909211203 497.5793941664831 0.0
73.76186832544586 -19.00584164699959 584.9396594713817 0.0
68.01773871157887 -2.220446049250313e-12 615.0419553929498 0.0
62.00517415736453 19.00584164700181 584.9396594713818 0.0
55.74790350828103 36.15125909211425 497.5793941664852 0.0
49.27062135283684 49.757939416645854 361.51259092111354 0.0
42.598890564454805 58.49396594713729 190.0584164700003 0.0
35.75904141666442 61.50419553929698 -2.1316282072803006e-12 0.0
28.778067669153984 58.493965947135074 -190.05841647001594 0.0
21.683520035929504 49.75793941665252 -361.51259092108035 0.0
14.503397455481348 36.15125909210981 -497.57939416650066 0.0
7.266036591147085 19.00584164699959 -584.9396594713862 0.0
0.0 2.220446049250313e-12 -615.0419553929476 0.0
-7.2660365911467295 -19.00584164700181 -584.9396594713818 0.0
-14.503397455455769 -36.15125909211425 -497.57939416646514 0.0
-21.6835200360066 -49.757939416645854 -361.5125909211315 0.0
-28.778067669078666 -58.49396594713729 -190.05841647002234 0.0
-35.75904141666513 -61.50419553929698 0.0 0.0
-42.59889056450028 -58.493965947135074 190.05841647005786 0.0
-49.270621352814814 -49.75793941665252 361.51259092106255 0.0
-55.74790350825882 -36.15125909210981 497.57939416649856 0.0
-62.00517415740894 -19.00584164700181 584.9396594713841 0.0
-68.01773871155436 4.440892098500626e-12 615.0419553929421 0.0
-73.76186832542828 19.005841646995147 584.9396594714108 0.0
-79.21489354355096 36.15125909211647 497.5793941664484 0.0
-84.35529376671802 49.757939416645854 361.5125909211292 0.0
-89.16278218368933 58.49396594713729 190.05841646997828 0.0
-93.61838583393566 61.50419553929698 4.192202140984591e-11 0.0
-97.70452048548428 58.49396594713729 -190.0584164700202 0.0
-101.40506003163185 49.757939416645854 -361.51259092113133 0.0
-104.70540013342244 36.15125909211869 -497.57939416644524 0.0
-107.59251585616968 19.005841646992927 -584.9396594714129 0.0
-110.05501307323584 4.440892098500626e-12 -615.0419553929431 0.0
-112.08317343303963 -19.00584164700403 -584.9396594713818 0.0
-113.66899271321617 -36.15125909210759 -497.57939416650066 0.0
-114.80621240959276 -49.75793941665252 -361.51259092106045 0.0
-115.49034443556482 -58.493965947135074 -190.05841647005786 0.0
-115.71868883454961 -61.50419553929698 0.0 0.0
-115.49034443556039 -58.49396594713729 190.05841647002447 0.0
-114.80621240960164 -49.75793941664808 361.5125909211315 0.0
-113.66899271321174 -36.15125909211203 497.5793941664609 0.0
-112.0831734330352 -19.00584164700181 584.9396594713861 0.0
-110.05501307322696 4.440892098500626e-12 615.0419553929421 0.0
-107.5925158561919 19.005841646997368 584.9396594713842 0.0
-104.70540013342244 36.15125909211203 497.5793941664996 0.0
-101.40506003161408 49.75793941664808 361.5125909211068 0.0
-97.70452048548871 58.49396594713729 190.05841646997368 0.0
-93.61838583394011 61.50419553929698 8.881784197001252e-11 0.0
-89.16278218367601 58.49396594713729 -190.0584164701069 0.0
-84.35529376676243 49.75793941664808 -361.5125909210624 0.0
-79.21489354351986 36.15125909210981 -497.57939416651186 0.0
-73.76186832541052 19.00584164700847 -584.9396594713596 0.0
-68.01773871156982 -8.881784197001252e-12 -615.0419553929564 0.0
-62.00517415738904 -19.00584164700181 -584.9396594713552 0.0
-55.747903508325436 -36.151259092103146 -497.5793941665518 0.0
-49.270621352770405 -49.757939416654736 -361.51259092103595 0.0
-42.59889056447577 -58.493965947135074 -190.05841647005786 0.0
-35.75904141671522 -61.504195539294756 4.192202140984591e-11 0.0
-28.778067669027507 -58.49396594714173 190.05841646993815 0.0
-21.683520036005532 -49.757939416645854 361.5125909211759 0.0
-14.50339745550906 -36.15125909210981 497.57939416646195 0.0
-7.266036591120084 -19.00584164700403 584.939659471384 0.0
0.0 0.0 615.0419553929564 0.0
7.26603659112115 19.00584164700403 584.9396594713575 0.0
14.503397455558087 36.15125909210537 497.57939416654847 0.0
21.68352003585312 49.75793941665696 361.5125909210336 0.0
28.77806766918063 58.49396594713285 190.0584164700138 0.0
35.75904141666335 61.50419553929698 4.192202140984591e-11 0.0
42.59889056443029 58.49396594713729 -190.05841647001807 0.0
49.27062135286384 49.75793941664808 -361.5125909211068 0.0
55.74790350831851 36.15125909210759 -497.57939416651186 0.0
62.0051741573068 19.00584164701069 -584.9396594713596 0.0
68.0177387116144 -8.881784197001252e-12 -615.041955392952 0.0
73.7618683254059 -19.005841646997368 -584.9396594713907 0.0
79.21489354351773 -36.15125909211203 -497.57939416645854 0.0
84.35529376676686 -49.757939416645854 -361.5125909211734 0.0
89.16278218367601 -58.49396594714173 -190.05841646994062 0.0
93.61838583394011 -61.504195539294756 -4.192202140984591e-11 0.0
97.70452048548871 -58.49396594713729 190.0584164700202 0.0
101.40506003160965 -49.75793941664808 361.51259092113577 0.0
104.70540013343133 -36.15125909210981 497.57939416646195 0.0
107.59251585618301 -19.00584164699959 584.939659471384 0.0
110.05501307322696 -8.881784197001252e-12 615.0419553929564 0.0
112.0831734330352 19.00584164700847 584.9396594713552 0.0
113.66899271321617 36.15125909210981 497.5793941665174 0.0
114.80621240960164 49.75793941664808 361.5125909211025 0.0
115.49034443556039 58.49396594713729 190.0584164700202 0.0
115.71868883455404 61.50419553929698 -4.192202140984591e-11 0.0
115.49034443554706 58.493965947139515 -190.05841646994276 0.0
114.80621240960164 49.75793941664364 -361.51259092117357 0.0
113.66899271323393 36.15125909211425 -497.57939416646514 0.0
112.08317343301744 19.005841646997368 -584.9396594713862 0.0
110.05501307323584 4.440892098500626e-12 -615.0419553929387 0.0
107.59251585620966 -19.00584164700181 -584.9396594713862 0.0
104.70540013335139 -36.15125909211203 -497.57939416646514 0.0
101.40506003168959 -49.757939416645854 -361.5125909211738 0.0
97.70452048546207 -58.49396594714173 -190.05841646993815 0.0
93.61838583394011 -61.504195539294756 -4.192202140984591e-11 0.0
89.1627821837071 -58.493965947135074 190.05841647006 0.0
84.35529376669581 -49.757939416654736 361.5125909210317 0.0
79.21489354351773 -36.151259092103146 497.5793941665518 0.0
73.76186832548814 -19.00584164700625 584.9396594713573 0.0
68.01773871152771 0.0 615.0419553929564 0.0
62.005174157391174 19.00584164700625 584.9396594713573 0.0
55.74790350832757 36.15125909210537 497.5793941665142 0.0
49.27062135276614 49.757939416650295 361.5125909210624 0.0
42.598890564478964 58.49396594713729 190.05841647010476 0.0
35.75904141666335 61.50419553929698 -8.419931418757187e-11 0.0
28.77806766912947 58.49396594713729 -190.05841646997828 0.0
21.6835200360066 49.75793941664808 -361.51259092110024 0.0
14.5033974554039 36.15125909211203 -497.5793941665074 0.0
7.26603659117302 19.005841646997368 -584.9396594713774 0.0
0.0 8.881784197001252e-12 -615.0419553929609 0.0
-7.26603659117302 -19.00584164701069 -584.9396594713508 0.0
-14.503397455402833 -36.15125909210537 -497.57939416651845 0.0
-21.683520036007664 -49.757939416650295 -361.51259092110024 0.0
-28.77806766912947 -58.493965947139515 -190.05841646993176 0.0
-35.75904141661539 -61.50419553929254 -8.881784197001252e-11 0.0
-42.59889056457382 -58.493965947139515 190.05841647001807 0.0
-49.27062135276579 -49.75793941664808 361.51259092110274 0.0
-55.74790350823431 -36.15125909211203 497.57939416649856 0.0
-62.00517415743345 -19.00584164700181 584.939659471384 0.0
-68.01773871157212 0.0 615.0419553929554 0.0
-73.76186832537267 19.00584164700181 584.939659471384 0.0
-79.21489354362431 36.15125909211647 497.5793941664264 0.0
-84.35529376666473 49.75793941664141 361.5125909211601 0.0
-89.16278218370266 58.493965947139515 190.0584164701158 0.0
-93.61838583394454 61.50419553929698 -1.7763568394002505e-10 0.0
-97.70452048546207 58.49396594713729 -190.05841646992926 0.0
-101.40506003166738 49.75793941664808 -361.5125909211068 0.0
-104.70540013341356 36.151259092103146 -497.57939416652516 0.0
-107.59251585615192 19.005841647019572 -584.9396594713285 0.0
-110.05501307324916 -8.881784197001252e-12 -615.0419553929876 0.0
-112.08317343301744 -19.00584164700847 -584.939659471324 0.0
-113.66899271323838 -36.151259092103146 -497.5793941665341 0.0
-114.80621240959276 -49.75793941664808 -361.5125909211912 0.0
-115.49034443556039 -58.49396594714173 -190.0584164698518 0.0
-115.71868883454961 -61.504195539294756 -8.633094239485217e-11 0.0
-115.49034443555594 -58.49396594713729 190.0584164700202 0.0
-114.80621240961052 -49.757939416650295 361.5125909211091 0.0
-113.66899271320729 -36.15125909210981 497.57939416649856 0.0
-112.08317343303075 -19.005841646992927 584.9396594713862 0.0
-110.05501307323584 -8.881784197001252e-12 615.0419553929288 0.0
-107.59251585618745 19.00584164700181 584.939659471384 0.0
-104.70540013342244 36.15125909210981 497.5793941665019 0.0
-101.40506003160965 49.757939416650295 361.5125909211025 0.0
-97.70452048549316 58.49396594713729 190.05841647002484 0.0
-93.61838583397564 61.504195539294756 -8.881784197001252e-11 0.0
-89.16278218360051 58.493965947143955 -190.0584164698518 0.0
-84.35529376677131 49.757939416645854 -361.5125909211956 0.0
-79.21489354358648 36.15125909210093 -497.5793941665296 0.0
-73.76186832537267 19.00584164701069 -584.9396594713285 0.0
-68.01773871157212 8.881784197001252e-12 -615.0419553929831 0.0
-62.00517415743345 -19.005841647019572 -584.939659471333 0.0
-55.74790350818972 -36.15125909210093 -497.57939416652516 0.0
-49.27062135290825 -49.75793941665252 -361.51259092110234 0.0
-42.598890564429226 -58.493965947135074 -190.05841646992926 0.0
-35.75904141666442 -61.5041955392992 -1.7763568394002505e-10 0.0
-28.77806766918063 -58.49396594713063 190.05841647018897 0.0
-21.683520035903925 -49.75793941665252 361.51259092101816 0.0
-14.503397455404254 -36.15125909211203 497.5793941664973 0.0
-7.266036591276048 -19.00584164700181 584.9396594713842 0.0
5.1869619710487314e-11 0.0 615.0419553929564 0.0
7.266036591120084 19.00584164700181 584.939659471384 0.0
14.50339745550906 36.15125909211647 497.5793941664241 0.0
21.683520035954373 49.757939416639196 361.51259092124695 0.0
28.778067669079732 58.493965947143955 190.0584164699449 0.0
35.75904141671309 61.504195539294756 -8.881784197001252e-11 0.0
42.598890564478964 58.493965947135074 -190.05841646993176 0.0
49.27062135281268 49.75793941665252 -361.5125909211047 0.0
55.74790350827872 36.15125909210981 -497.57939416650066 0.0
62.00517415739348 19.00584164700181 -584.9396594713818 0.0
68.01773871156556 -8.881784197001252e-12 -615.0419553929298 0.0
73.7618683254082 -19.005841646992927 -584.9396594713862 0.0
79.21489354355984 -36.151259092103146 -497.5793941665717 0.0
84.3552937667269 -49.7579394166614 -361.51259092096507 0.0
89.1627821836094 -58.49396594713285 -190.05841647009552 0.0
93.61838583400672 -61.50419553929698 0.0 0.0
97.70452048548871 -58.49396594713729 190.05841647002234 0.0
101.40506003164073 -49.757939416650295 361.5125909211025 0.0
104.7054001333958 -36.15125909210981 497.579394166504 0.0
107.59251585618745 -19.005841646992927 584.9396594713842 0.0
110.0550130732314 -8.881784197001252e-12 615.0419553929288 0.0
112.08317343303075 19.005841646995147 584.9396594714373 0.0
113.66899271322062 36.151259092123134 497.5793941663941 0.0
114.80621240959276 49.75793941664364 361.51259092116027 0.0
115.49034443556039 58.49396594713729 190.0584164700227 0.0
115.71868883455404 61.50419553929698 -4.618527782440651e-12 0.0
115.49034443556482 58.493965947139515 -190.05841647002234 0.0
114.80621240958833 49.757939416639196 -361.51259092115816 0.0
113.66899271322505 36.15125909211869 -497.5793941664275 0.0
112.08317343302632 19.00584164701069 -584.9396594713818 0.0
110.05501307327137 -1.7763568394002505e-11 -615.0419553929564 0.0
107.59251585611196 -19.005841646992927 -584.9396594713862 0.0
104.70540013343576 -36.15125909210981 -497.57939416649407 0.0
101.40506003164073 -49.757939416654736 -361.5125909210226 0.0
97.70452048548428 -58.49396594713063 -190.05841647018897 0.0
93.61838583400672 -61.50419553930142 8.881784197001252e-11 0.0
89.16278218361384 -58.49396594713063 190.0584164700959 0.0
84.3552937667269 -49.75793941665252 361.512590921018 0.0
79.21489354355771 -36.15125909212091 497.579394166473 0.0
73.7618683254059 -19.005841646984045 584.9396594714374 0.0
68.01773871156999 -8.881784197001252e-12 615.0419553929288 0.0
62.0051741574823 19.00584164700847 584.9396594713307 0.0
55.74790350819203 36.151259092098705 497.5793941666028 0.0
49.270621352717114 49.757939416654736 361.5125909210516 0.0
42.598890564571334 58.493965947139515 190.05841646992712 0.0
35.75904141666193 61.504195539294756 8.881784197001252e-11 0.0
28.778067669232854 58.493965947135074 -190.05841647002057 0.0
21.683520035854187 49.75793941665252 -361.5125909211068 0.0
14.503397455455769 36.15125909210981 -497.57939416649407 0.0
7.266036591172664 19.00584164700181 -584.9396594713862 0.0
3.552713678800501e-13 -8.881784197001252e-12 -615.0419553929298 0.0
-7.266036591172309 -19.005841646984045 -584.9396594714351 0.0
-14.503397455354516 -36.15125909212091 -497.5793941664719 0.0
-21.683520036057047 -49.75793941665252 -361.51259092101606 0.0
-28.77806766913089 -58.49396594713285 -190.0584164700934 0.0
-35.759041416760695 -61.5041955392992 -8.881784197001252e-11 0.0
-42.598890564375935 -58.49396594713285 190.0584164701911 0.0
-49.27062135272173 -49.75793941665252 361.51259092102276 0.0
-55.74790350837393 -36.15125909210093 497.5793941665284 0.0
-62.00517415739348 -19.00584164701069 584.9396594713285 0.0
-68.01773871156769 -8.881784197001252e-12 615.0419553929842 0.0
-73.76186832540607 19.005841647019572 584.9396594713285 0.0
-79.21489354355984 36.15125909210093 497.5793941665319 0.0
-84.35529376665585 49.757939416650295 361.5125909211025 0.0
-89.1627821837515 58.49396594713729 190.05841647002234 0.0
-93.61838583393566 61.50419553929698 0.0 0.0
-97.70452048553757 58.493965947139515 -190.05841647002447 0.0
-101.405060031583 49.757939416639196 -361.51259092116044 0.0
-104.70540013336027 36.151259092127574 -497.5793941663941 0.0
-107.59251585623186 19.005841646992927 -584.9396594714395 0.0
-110.0550130732314 -8.881784197001252e-12 -615.0419553929298 0.0
-112.08317343303075 -19.005841646992927 -584.9396594713818 0.0
-113.66899271322062 -36.15125909211647 -497.5793941664275 0.0
-114.80621240959276 -49.757939416639196 -361.5125909212514 0.0
-115.49034443556039 -58.49396594714173 -190.05841646994702 0.0
-115.71868883455404 -61.504195539294756 8.881784197001252e-11 0.0
-115.49034443556482 -58.493965947139515 190.05841646992712 0.0
-114.80621240958833 -49.757939416654736 361.5125909210516 0.0
-113.6689927131984 -36.151259092098705 497.57939416660173 0.0
-112.08317343307961 -19.00584164700847 584.9396594713306 0.0
-110.0550130732092 0.0 615.0419553929564 0.0
-107.59251585618301 19.00584164700181 584.9396594713842 0.0
-104.70540013340023 36.15125909211203 497.5793941664973 0.0
-101.4050600316363 49.75793941664808 361.51259092110274 0.0
-97.70452048555089 58.493965947139515 190.05841646992926 0.0
-93.61838583388682 61.504195539294756 8.881784197001252e-11 0.0
-89.16278218367157 58.49396594714173 -190.05841646994702 0.0
-84.3552937667269 49.757939416639196 -361.5125909212493 0.0
-79.21489354355539 36.15125909211647 -497.5793941664252 0.0
-73.7618683254082 19.005841646992927 -584.9396594713862 0.0
-68.0177387116565 1.7763568394002505e-11 -615.0419553929564 0.0
-62.00517415721816 -19.00584164701291 -584.9396594713818 0.0
-55.74790350836505 -36.15125909211425 -497.5793941664252 0.0
-49.27062135281517 -49.75793941664141 -361.51259092115794 0.0
-42.598890564478964 -58.493965947139515 -190.0584164701158 0.0
-35.75904141676105 -61.50419553929698 1.751487843648647e-10 0.0
-28.778067669032836 -58.49396594713729 190.05841646993602 0.0
-21.683520035953308 -49.757939416650295 361.5125909211025 0.0
-14.503397455456835 -36.15125909210093 497.5793941665286 0.0
-7.266036591172309 -19.005841647019572 584.9396594713306 0.0
0.0 8.881784197001252e-12 615.0419553929831 0.0
7.266036591068925 19.00584164701069 584.9396594713309 0.0
14.503397455662181 36.15125909210093 497.57939416652624 0.0
21.683520035851345 49.75793941664808 361.5125909211937 0.0
28.778067669130536 58.49396594714173 190.05841646985147 0.0
35.759041416660864 61.504195539294756 8.419931418757187e-11 0.0
42.59889056438375 58.49396594713285 -190.05841647009552 0.0
49.27062135291038 49.75793941665918 -361.51259092096274 0.0
55.74790350827872 36.15125909210759 -497.57939416657405 0.0
62.00517415738904 19.005841646990707 -584.9396594713862 0.0
68.01773871157444 8.881784197001252e-12 -615.0419553929298 0.0
73.7618683254059 -19.00584164700181 -584.9396594713818 0.0
79.2148935434822 -36.15125909211203 -497.57939416649856 0.0
84.35529376680684 -49.75793941664808 -361.5125909211068 0.0
89.16278218373374 -58.49396594713729 -190.05841647001807 0.0
93.61838583387349 -61.504195539294756 8.419931418757187e-11 0.0
97.70452048548871 -58.493965947143955 190.0584164698582 0.0
101.40506003158744 -49.757939416645854 361.51259092119136 0.0
104.70540013345352 -36.151259092103146 497.579394166533 0.0
107.59251585618745 -19.00584164700847 584.9396594713306 0.0
110.0550130732314 -8.881784197001252e-12 615.0419553929831 0.0
112.08317343303075 19.005841647019572 584.9396594713285 0.0
113.66899271322062 36.151259092103146 497.57939416652624 0.0
114.80621240958833 49.75793941665252 361.51259092101816 0.0
115.49034443556927 58.49396594713063 190.05841647009802 0.0
115.71868883454961 61.50419553930142 8.881784197001252e-11 0.0
115.4903444355515 58.49396594713063 -190.05841647018897 0.0
114.80621240959276 49.757939416654736 -361.51259092101606 0.0
113.6689927132517 36.15125909210981 -497.57939416650066 0.0
112.08317343301299 19.00584164700181 -584.9396594713862 0.0
110.05501307322696 0.0 -615.041955392952 0.0
107.59251585618745 -19.00584164700403 -584.9396594713862 0.0
104.70540013340023 -36.15125909211425 -497.5793941664275 0.0
101.4050600316363 -49.75793941664141 -361.51259092115566 0.0
97.70452048555534 -58.493965947139515 -190.0584164701158 0.0
93.61838583387794 -61.50419553929698 1.7763568394002505e-10 0.0
89.16278218367601 -58.49396594713729 190.0584164699314 0.0
84.3552937667269 -49.75793941664141 361.51259092115583 0.0
79.21489354347777 -36.151259092127574 497.57939416639744 0.0
73.76186832556364 -19.005841646992927 584.9396594714373 0.0
68.01773871149219 8.881784197001252e-12 615.0419553929275 0.0
62.005174157391174 19.005841646992927 584.9396594713862 0.0
55.74790350828103 36.15125909210537 497.5793941665728 0.0
49.27062135281268 49.75793941665918 361.51259092096063 0.0
42.5988905645756 58.49396594713285 190.05841647009552 0.0
35.75904141656672 61.50419553929698 0.0 0.0
28.77806766912947 58.49396594713285 -190.05841647009552 0.0
21.68352003595544 49.75793941665918 -361.5125909209583 0.0
14.503397455455413 36.15125909210759 -497.5793941665829 0.0
7.266036591172664 19.005841646990707 -584.9396594713774 0.0
0.0 8.881784197001252e-12 -615.0419553929298 0.0
-7.266036591172309 -19.005841646995147 -584.9396594714395 0.0
-14.503397455456124 -36.15125909212535 -497.5793941663941 0.0
-21.683520035952952 -49.75793941664141 -361.51259092115583 0.0
-28.778067669130536 -58.49396594713729 -190.0584164699339 0.0
-35.75904141656672 -61.50419553929698 -1.751487843648647e-10 0.0
-42.59889056457453 -58.493965947139515 190.0584164701158 0.0
-49.270621352814814 -49.75793941664808 361.5125909211091 0.0
-55.74790350827872 -36.151259092103146 497.5793941665284 0.0
-62.00517415739135 -19.00584164699959 584.9396594713309 0.0
-68.01773871157212 -1.7763568394002505e-11 615.0419553929564 0.0
-73.76186832532596 19.005841647019572 584.9396594713306 0.0
-79.21489354371313 36.151259092094264 497.57939416660616 0.0
-84.35529376664697 49.7579394166614 361.5125909209649 0.0
-89.16278218367601 58.49396594713063 190.05841647018684 0.0
-93.61838583394011 61.50419553929698 -1.730171561575844e-10 0.0
-97.70452048543987 58.493965947143955 -190.0584164698582 0.0
-101.40506003168959 49.75793941664141 -361.5125909212493 0.0
-104.70540013340023 36.15125909212091 -497.5793941663941 0.0
-107.59251585618301 19.005841646988486 -584.939659471444 0.0
-110.05501307324027 -2.220446049250313e-12 -615.0419553928988 0.0
-112.08317343302187 -19.005841646986266 -584.9396594714395 0.0
-113.66899271321174 -36.151259092123134 -497.5793941663964 0.0
-114.80621240961497 -49.757939416639196 -361.5125909212468 0.0
-115.49034443555594 -58.493965947143955 -190.05841646985394 0.0
-115.71868883454516 -61.50419553929254 -4.263256414560601e-12 0.0
-115.49034443555594 -58.49396594714173 190.0584164698536 0.0
-114.8062124096194 -49.757939416639196 361.5125909212425 0.0
-113.66899271320285 -36.15125909212535 497.579394166393 0.0
-112.0831734330352 -19.00584164700625 584.9396594714374 0.0
-110.05501307322696 2.220446049250313e-11 615.0419553929576 0.0
-107.59251585618745 19.005841646997368 584.9396594713285 0.0
-104.70540013340023 36.15125909210981 497.57939416645854 0.0
-101.40506003169402 49.75793941663697 361.5125909212491 0.0
-97.70452048543542 58.493965947143955 190.0584164700401 0.0
-93.61838583394011 61.50419553929698 -1.7763568394002505e-10 0.0
-89.1627821836094 58.493965947143955 -190.05841646986246 0.0
-84.35529376678907 49.75793941662365 -361.5125909213557 0.0
-79.2148935436332 36.151259092136456 -497.5793941662454 0.0
-73.76186832533485 19.00584164700181 -584.9396594714351 0.0
-68.01773871156999 -1.3322676295501878e-11 -615.0419553929564 0.0
-62.005174157391174 -19.005841646988486 -584.9396594714395 0.0
-55.74790350827854 -36.15125909212535 -497.579394166392 0.0
-49.27062135291287 -49.75793941664364 -361.51259092107375 0.0
-42.598890564381264 -58.49396594713285 -190.0584164701911 0.0
-35.75904141666335 -61.50419553929698 1.730171561575844e-10 0.0
-28.77806766912947 -58.493965947143955 190.05841646985394 0.0
-21.68352003595544 -49.75793941665252 361.5125909211402 0.0
-14.503397455351319 -36.15125909208094 497.57939416666517 0.0
-7.266036591380853 -19.005841647030675 584.9396594712218 0.0
1.0409451078885468e-10 1.3322676295501878e-11 615.0419553929564 0.0
7.2660365911715985 19.005841646988486 584.9396594714394 0.0
14.503397455457545 36.15125909211203 497.5793941665408 0.0
21.683520035953308 49.75793941665918 361.51259092096024 0.0
28.77806766902964 58.493965947135074 190.0584164700028 0.0
35.75904141676425 61.50419553929698 1.730171561575844e-10 0.0
42.598890564478964 58.49396594713063 -190.05841647018684 0.0
49.27062135281268 49.7579394166614 -361.5125909209649 0.0
55.74790350827872 36.151259092094264 -497.57939416660724 0.0
62.00517415738904 19.00584164700181 -584.9396594713285 0.0
68.01773871157212 1.7763568394002505e-11 -615.0419553929564 0.0
73.7618683254082 -19.005841647017352 -584.939659471333 0.0
79.21489354355326 -36.151259092098705 -497.57939416660065 0.0
84.35529376673134 -49.75793941665696 -361.51259092096257 0.0
89.16278218367157 -58.493965947135074 -190.05841647018897 0.0
93.61838583388237 -61.50419553929698 1.751487843648647e-10 0.0
97.70452048555089 -58.49396594713063 190.05841647000707 0.0
101.4050600316363 -49.7579394166614 361.512590920956 0.0
104.70540013340023 -36.15125909211425 497.5793941665474 0.0
107.59251585618745 -19.005841646984045 584.9396594714395 0.0
110.0550130732314 -1.7763568394002505e-11 615.0419553929554 0.0
112.08317343300855 19.005841647035115 584.9396594712241 0.0
113.66899271326058 36.1512590920765 497.5793941666595 0.0
114.806212409575 49.75793941665696 361.5125909211402 0.0
115.49034443556039 58.49396594714173 190.05841646985394 0.0
115.71868883454961 61.50419553929698 1.687538997430238e-10 0.0
115.49034443556927 58.49396594712175 -190.0584164703357 0.0
114.80621240959276 49.75793941666806 -361.51259092078493 0.0
113.66899271321617 36.15125909211203 -497.57939416654295 0.0
112.08317343303075 19.005841646986266 -584.9396594714351 0.0
110.0550130732314 1.7763568394002505e-11 -615.0419553929564 0.0
107.59251585618745 -19.00584164700403 -584.9396594714351 0.0
104.70540013345352 -36.151259092136456 -497.5793941662454 0.0
101.40506003159189 -49.757939416625874 -361.51259092135547 0.0
97.70452048542211 -58.49396594714173 -190.0584164698582 0.0
93.61838583399783 -61.50419553929698 -1.7763568394002505e-10 0.0
89.16278218367601 -58.493965947143955 190.05841647004223 0.0
84.35529376680239 -49.757939416639196 361.5125909212514 0.0
79.2148935434822 -36.15125909210537 497.57939416645854 0.0
73.76186832541033 -19.00584164700181 584.9396594713307 0.0
68.01773871156999 -1.7763568394002505e-11 615.0419553929564 0.0
62.005174157391174 19.00584164700403 584.939659471435 0.0
55.74790350837411 36.151259092123134 497.5793941663964 0.0
49.270621352723865 49.75793941664808 361.5125909210693 0.0
42.598890564473635 58.49396594713063 190.05841647018897 0.0
35.75904141666442 61.50419553929698 -1.730171561575844e-10 0.0
28.778067669027152 58.493965947143955 -190.0584164698582 0.0
21.68352003605598 49.757939416639196 -361.51259092124695 0.0
14.503397455560574 36.15125909212535 -497.5793941663964 0.0
7.26603659106928 19.005841646984045 -584.9396594714395 0.0
0.0 0.0 -615.0419553929032 0.0
-7.266036591172309 -19.005841646984045 -584.9396594714351 0.0
-14.503397455454703 -36.15125909212535 -497.57939416640085 0.0
-21.683520035855608 -49.757939416639196 -361.5125909212446 0.0
-28.778067669230367 -58.493965947143955 -190.05841647003584 0.0
-35.75904141666442 -61.504195539290315 3.552713678800501e-10 0.0
-42.59889056447577 -58.49396594714617 190.0584164696717 0.0
-49.270621352814814 -49.757939416650295 361.51259092113804 0.0
-55.747903508367536 -36.151259092098705 497.579394166603 0.0
-62.00517415712703 -19.005841647017352 584.9396594713329 0.0
-68.0177387118297 3.3306690738754696e-11 615.041955392901 0.0
-73.76186832525065 19.005841646968502 584.9396594714395 0.0
-79.21489354370195 36.15125909211425 497.5793941665474 0.0
-84.3552937665848 49.75793941665918 361.51259092096274 0.0
-89.16278218380924 58.49396594713285 190.05841647018434 0.0
-93.61838583381576 61.50419553929698 -1.7763568394002505e-10 0.0
-97.70452048560418 58.49396594713285 -190.05841647000457 0.0
-101.40506003153415 49.75793941665918 -361.51259092096274 0.0
-104.70540013348462 36.15125909209649 -497.5793941665984 0.0
-107.59251585611196 19.005841647019572 -584.939659471333 0.0
-110.05501307324472 0.0 -615.0419553930097 0.0
-112.08317343308404 -19.005841647035115 -584.939659471222 0.0
-113.66899271317621 -36.151259092078725 -497.57939416666284 0.0
-114.80621240962829 -49.75793941665918 -361.51259092096467 0.0
-115.49034443553818 -58.49396594713285 -190.05841647019358 0.0
-115.71868883455404 -61.50419553930364 2.1316282072803006e-12 0.0
-115.49034443554262 -58.49396594713063 190.05841647019358 0.0
-114.80621240962385 -49.757939416645854 361.512590921078 0.0
-113.66899271323393 -36.15125909210537 497.5793941664497 0.0
-112.08317343303963 -19.005841647021793 584.9396594713285 0.0
-110.05501307316922 0.0 615.041955393012 0.0
-107.59251585626295 19.005841647019572 584.9396594713285 0.0
-104.70540013331586 36.15125909209649 497.57939416659855 0.0
-101.40506003172955 49.7579394166614 361.51259092096024 0.0
-97.70452048538213 58.49396594713063 190.0584164700003 0.0
-93.61838583406 61.5041955392992 1.7763568394002505e-10 0.0
-89.16278218353834 58.49396594713063 -190.05841647018897 0.0
-84.35529376687344 49.7579394166614 -361.5125909209649 0.0
-79.21489354340672 36.151259092094264 -497.5793941666028 0.0
-73.76186832556364 19.00584164700181 -584.939659471333 0.0
-68.01773871158314 1.7763568394002505e-11 -615.0419553929564 0.0
-62.00517415721141 -19.005841647017352 -584.9396594713285 0.0
-55.747903508460794 -36.151259092098705 -497.5793941666028 0.0
-49.270621352626165 -49.75793941665252 -361.51259092113577 0.0
-42.59889056467223 -58.493965947143955 -190.05841646966957 0.0
-35.7590414164644 -61.50419553929254 -3.510081114654895e-10 0.0
-28.77806766933162 -58.49396594714173 190.05841647003584 0.0
-21.683520035750803 -49.757939416639196 361.5125909212514 0.0
-14.503397455662537 -36.15125909212535 497.5793941663987 0.0
-7.266036590964831 -19.005841646984045 584.9396594714394 0.0
-2.0889956431346945e-10 0.0 615.041955392901 0.0
7.26603659117302 19.005841646984045 584.9396594714373 0.0
14.503397455663247 36.151259092127574 497.5793941663987 0.0
21.683520035749737 49.75793941663697 361.51259092124235 0.0
28.778067669330554 58.493965947143955 190.05841646985607 0.0
35.759041416465465 61.50419553929254 0.0 0.0
42.598890564671166 58.49396594714173 -190.05841646985394 0.0
49.270621352626165 49.75793941664141 -361.51259092124 0.0
55.747903508458485 36.151259092123134 -497.5793941663964 0.0
62.00517415721585 19.00584164700403 -584.9396594714395 0.0
68.01773871173857 -1.7763568394002505e-11 -615.0419553929564 0.0
73.76186832509521 -19.00584164700181 -584.939659471324 0.0
79.21489354386625 -36.15125909210537 -497.57939416646303 0.0
84.35529376672245 -49.75793941664141 -361.5125909212468 0.0
89.16278218353834 -58.49396594714173 -190.05841647004047 0.0
93.61838583406 -61.50419553929698 1.822542117224657e-10 0.0
97.70452048538213 -58.493965947143955 190.05841646986033 0.0
101.405060031734 -49.75793941662365 361.51259092135797 0.0
104.70540013331141 -36.151259092136456 497.57939416624754 0.0
107.5925158562585 -19.00584164700403 584.9396594714351 0.0
110.05501307317367 1.7763568394002505e-11 615.0419553929564 0.0
112.08317343303963 19.005841646986266 584.9396594714351 0.0
113.66899271323393 36.151259092123134 497.5793941663964 0.0
114.80621240962385 49.75793941664808 361.5125909210715 0.0
115.49034443554262 58.49396594713063 190.05841647018897 0.0
115.71868883454961 61.50419553929698 -1.730171561575844e-10 0.0
115.49034443554706 58.493965947143955 -190.05841646985607 0.0
114.8062124096194 49.757939416654736 -361.51259092113804 0.0
113.66899271318064 36.1512590920765 -497.5793941666717 0.0
112.08317343308849 19.005841647035115 -584.9396594712175 0.0
110.05501307316034 -1.7763568394002505e-11 -615.0419553929564 0.0
107.59251585626738 -19.005841646984045 -584.9396594714395 0.0
104.70540013341356 -36.15125909211425 -497.57939416654506 0.0
101.40506003164073 -49.75793941666806 -361.51259092078493 0.0
97.70452048538213 -58.49396594711953 -190.05841647034245 0.0
93.61838583406 -61.50419553930364 -2.1316282072803006e-12 0.0
89.16278218354279 -58.49396594713063 190.05841647018897 0.0
84.35529376671357 -49.7579394166614 361.51259092096717 0.0
79.21489354371526 -36.15125909209649 497.57939416660514 0.0
73.7618683252439 -19.00584164699959 584.9396594713306 0.0
68.01773871173874 -1.7763568394002505e-11 615.0419553929564 0.0
62.00517415721354 19.005841647019572 584.9396594713285 0.0
55.747903508463104 36.151259092094264 497.57939416660514 0.0
49.270621352821564 49.7579394166614 361.51259092096274 0.0
42.598890564478964 58.49396594713285 190.05841647018434 0.0
35.75904141646653 61.50419553929698 -1.7763568394002505e-10 0.0
28.778067669330554 58.49396594713285 -190.05841647000457 0.0
21.683520035750448 49.75793941665918 -361.5125909209583 0.0
14.503397455454348 36.15125909211425 -497.5793941665495 0.0
7.266036591380853 19.005841646984045 -584.9396594714395 0.0
-2.0818902157770935e-10 0.0 -615.0419553928988 0.0
-7.266036590964475 -19.00584164699959 -584.939659471333 0.0
-14.503397455661116 -36.15125909209649 -497.5793941666096 0.0
-21.683520035750448 -49.757939416654736 -361.51259092113344 0.0
-28.778067669131957 -58.49396594714173 -190.05841646985394 0.0
-35.759041416667614 -61.50419553929698 -1.687538997430238e-10 0.0
-42.598890564671166 -58.49396594712397 190.05841647033782 0.0
-49.270621352626165 -49.75793941666362 361.5125909207851 0.0
-55.747903508460794 -36.15125909211647 497.57939416654295 0.0
-62.00517415721354 -19.005841646984045 584.9396594714373 0.0
-68.01773871174088 -1.7763568394002505e-11 615.0419553929564 0.0
-73.76186832539932 19.00584164700625 584.9396594714328 0.0
-79.21489354340227 36.15125909213423 497.5793941662454 0.0
-84.35529376686901 49.757939416625874 361.51259092135587 0.0
-89.16278218354279 58.49396594714173 190.0584164698582 0.0
-93.61838583394899 61.5041955392992 1.730171561575844e-10 0.0
-97.70452048550204 58.493965947139515 -190.0584164700401 0.0
-101.40506003173843 49.75793941662809 -361.51259092135797 0.0
-104.70540013330698 36.15125909213423 -497.5793941662543 0.0
-107.59251585626295 19.005841646986266 -584.9396594714307 0.0
-110.05501307316922 1.7763568394002505e-11 -615.0419553929564 0.0
-112.08317343307961 -19.00584164700403 -584.9396594714395 0.0
-113.66899271320729 -36.15125909212535 -497.57939416638965 0.0
-114.806212409575 -49.757939416645854 -361.5125909210715 0.0
-115.49034443556482 -58.49396594713063 -190.05841647018897 0.0
-115.71868883455404 -61.5041955392992 1.7763568394002505e-10 0.0
-115.49034443556927 -58.49396594714173 190.05841646985573 0.0
-114.80621240961052 -49.757939416639196 361.5125909212493 0.0
-113.66899271317621 -36.15125909212535 497.5793941663985 0.0
-112.08317343308404 -19.005841646984045 584.9396594714395 0.0
-110.05501307317367 0.0 615.041955392901 0.0
-107.59251585625407 19.005841646986266 584.9396594714394 0.0
-104.7054001333203 36.151259092123134 497.5793941663964 0.0
-101.40506003161408 49.757939416639196 361.5125909212446 0.0
-97.70452048560863 58.493965947143955 190.05841646985394 0.0
-93.6183858338202 61.50419553929254 2.1316282072803006e-12 0.0
-89.16278218380036 58.49396594714173 -190.05841646985147 0.0
-84.35529376674022 49.757939416654736 -361.51259092113594 0.0
-79.21489354356214 36.15125909209649 -497.5793941666096 0.0
-73.76186832525046 19.005841647017352 -584.9396594713285 0.0
-68.01773871174088 -3.552713678800501e-11 -615.0419553929032 0.0
-62.00517415721141 -19.00584164696628 -584.9396594714395 0.0
-55.747903508460794 -36.15125909211425 -497.57939416654506 0.0
-49.270621352626165 -49.75793941665918 -361.51259092096274 0.0
-42.59889056467223 -58.49396594713285 -190.0584164701822 0.0
-35.7590414164644 -61.50419553929254 3.4852121189032914e-10 0.0
-28.778067669126273 -58.49396594714173 190.05841646966493 0.0
-21.68352003616043 -49.757939416654736 361.5125909211336 0.0
-14.503397455458256 -36.151259092098705 497.579394166603 0.0
-7.266036591173375 -19.005841647017352 584.9396594713285 0.0
2.0818902157770935e-10 2.220446049250313e-12 615.041955393012 0.0
7.266036590965186 19.005841647030675 584.939659471222 0.0
14.50339745566147 36.151259092083166 497.5793941666584 0.0
21.683520035750803 49.75793941665696 361.51259092096933 0.0
28.778067669330554 58.49396594713285 190.05841647018684 0.0
35.759041416465465 61.50419553930364 0.0 0.0
42.598890564671166 58.49396594713063 -190.0584164701957 0.0
49.270621352808064 49.757939416645854 -361.5125909210759 0.0
55.74790350809451 36.15125909210759 -497.5793941664541 0.0
62.005174157397924 19.005841647019572 -584.9396594713285 0.0
68.01773871157657 0.0 -615.0419553930097 0.0
73.76186832557252 -19.005841647019572 -584.939659471333 0.0
79.21489354339552 -36.15125909210759 -497.5793941664497 0.0
84.35529376687789 -49.757939416639196 -361.51259092124695 0.0
89.16278218353834 -58.493965947143955 -190.0584164698582 0.0
93.61838583406 -61.50419553929698 -1.730171561575844e-10 0.0
97.7045204853777 -58.49396594713063 190.05841647018897 0.0
101.40506003174288 -49.7579394166614 361.5125909209649 0.0
104.70540013330698 -36.15125909209649 497.57939416660514 0.0
107.5925158561919 -19.00584164699959 584.9396594713307 0.0
110.05501307330245 -1.7763568394002505e-11 615.0419553929564 0.0
112.08317343297746 19.005841647019572 584.9396594713307 0.0
113.66899271326058 36.151259092094264 497.5793941666028 0.0
114.80621240957056 49.75793941665696 361.5125909211338 0.0
115.49034443556927 58.49396594714173 190.05841646966493 0.0
115.71868883454961 61.50419553929254 3.531397396727698e-10 0.0
115.49034443554706 58.49396594714173 -190.05841647003834 0.0
114.8062124096194 49.75793941664141 -361.5125909212534 0.0
113.66899271318064 36.15125909212091 -497.5793941663964 0.0
112.08317343308404 19.005841646970723 -584.9396594714395 0.0
110.05501307324472 3.3306690738754696e-11 -615.0419553929032 0.0
107.59251585620078 -19.00584164700403 -584.9396594714351 0.0
104.70540013330698 -36.151259092123134 -497.5793941663985 0.0
101.40506003162297 -49.75793941664141 -361.51259092124485 0.0
97.70452048560418 -58.49396594714173 -190.05841646984933 0.0
93.61838583381576 -61.50419553929254 -2.1316282072803006e-12 0.0
89.1627821838048 -58.49396594714173 190.05841646985394 0.0
84.35529376659368 -49.75793941664141 361.51259092124445 0.0
79.21489354369982 -36.15125909212535 497.5793941663964 0.0
73.76186832525046 -19.00584164700181 584.9396594714373 0.0
68.01773871173874 1.7763568394002505e-11 615.0419553929564 0.0
62.005174157395615 19.00584164700181 584.9396594713285 0.0
55.74790350828742 36.15125909210759 497.57939416645644 0.0
49.27062135262403 49.757939416639196 361.5125909212489 0.0
42.5988905644747 58.49396594714173 190.05841647003834 0.0
35.75904141685875 61.50419553929698 -1.801225835151854e-10 0.0
28.778067668929452 58.493965947135074 -190.05841647001134 0.0
21.683520036160076 49.75793941664364 -361.5125909210647 0.0
14.503397455248646 36.15125909212535 -497.5793941663964 0.0
7.266036591381209 19.00584164700403 -584.9396594714351 0.0
-2.078337502098293e-10 -1.7763568394002505e-11 -615.0419553929564 0.0
-7.266036590964475 -19.005841646986266 -584.9396594714351 0.0
-14.50339745545719 -36.15125909212535 -497.5793941663941 0.0
-21.683520035957216 -49.757939416645854 -361.5125909210715 0.0
-28.778067669332685 -58.49396594713063 -190.05841647018684 0.0
-35.75904141665873 -61.50419553929698 1.730171561575844e-10 0.0
-42.59889056428143 -58.493965947143955 190.0584164698582 0.0
-49.27062135300382 -49.757939416654736 361.5125909211427 0.0
-55.747903508096464 -36.151259092078725 497.5793941666639 0.0
-62.00517415756437 -19.005841647032895 584.9396594712241 0.0
-68.01773871140337 1.7763568394002505e-11 615.0419553929554 0.0
-73.76186832556594 19.005841646986266 584.9396594714395 0.0
-79.2148935434044 36.15125909211203 497.5793941665406 0.0
-84.35529376673578 49.75793941666806 361.51259092078743 0.0
-89.1627821836849 58.49396594711953 190.05841647033995 0.0
-93.61838583406445 61.50419553930364 2.1316282072803006e-12 0.0
-97.7045204853777 58.49396594713285 -190.0584164701911 0.0
-101.405060031734 49.75793941665918 -361.51259092096717 0.0
-104.70540013338692 36.151259092094264 -497.57939416660514 0.0
-107.59251585611196 19.00584164700403 -584.939659471333 0.0
-110.05501307329357 1.3322676295501878e-11 -615.0419553929564 0.0
-112.08317343298634 -19.00584164701513 -584.9396594713285 0.0
-113.6689927132517 -36.151259092098705 -497.5793941666028 0.0
-114.80621240957056 -49.75793941665918 -361.51259092096063 0.0
-115.49034443556927 -58.49396594713285 -190.05841647018434 0.0
-115.71868883456737 -61.50419553929698 1.7763568394002505e-10 0.0
-115.49034443554262 -58.49396594713285 190.0584164700067 0.0
-114.80621240962385 -49.75793941665918 361.51259092096063 0.0
-113.66899271317621 -36.15125909211425 497.57939416654614 0.0
-112.08317343302187 -19.005841646984045 584.9396594714418 0.0
-110.05501307329357 -2.220446049250313e-12 615.041955392901 0.0
-107.59251585611196 19.00584164700403 584.9396594713309 0.0
-104.70540013348905 36.151259092094264 497.57939416660616 0.0
-101.40506003153415 49.757939416654736 361.51259092113804 0.0
-97.70452048559974 58.49396594714173 190.05841646984933 0.0
-93.61838583395343 61.5041955392992 1.687538997430238e-10 0.0
-89.1627821836849 58.49396594711953 -190.05841647033995 0.0
-84.3552937665848 49.75793941666806 -361.51259092078743 0.0
-79.21489354370638 36.15125909211203 -497.5793941665406 0.0
-73.7618683252462 19.005841646986266 -584.9396594714395 0.0
-68.01773871174088 1.7763568394002505e-11 -615.0419553929564 0.0
-62.00517415721354 -19.00584164700403 -584.9396594714307 0.0
-55.747903508272145 -36.151259092136456 -497.57939416624754 0.0
-49.27062135300346 -49.757939416625874 -361.51259092135143 0.0
-42.598890564284986 -58.493965947143955 -190.0584164698582 0.0
-35.759041416860526 -61.50419553929698 -1.730171561575844e-10 0.0
-28.77806766913409 -58.49396594714173 190.0584164700426 0.0
-21.683520035957216 -49.75793941662365 361.51259092135996 0.0
-14.503397455249356 -36.151259092136456 497.5793941662488 0.0
-7.266036591380143 -19.005841646986266 584.9396594714373 0.0
2.0818902157770935e-10 -1.7763568394002505e-11 615.0419553929564 0.0
7.266036590964831 19.00584164700403 584.939659471433 0.0
14.503397455662181 36.15125909212535 497.57939416639744 0.0
21.683520035951176 49.75793941664364 361.5125909210647 0.0
28.778067668928742 58.493965947135074 190.05841647018897 0.0
35.759041416860526 61.50419553929698 -1.751487843648647e-10 0.0
42.59889056428179 58.49396594714173 -190.0584164698607 0.0
49.27062135281943 49.757939416639196 -361.5125909212489 0.0
55.74790350828742 36.15125909210759 -497.57939416645854 0.0
62.00517415756437 19.005841647019572 -584.939659471324 0.0
68.01773871140124 -1.7763568394002505e-11 -615.0419553929609 0.0
73.76186832556577 -19.005841646984045 -584.9396594714307 0.0
79.21489354340672 -36.15125909212535 -497.57939416640295 0.0
84.35529376687344 -49.75793941664141 -361.51259092124235 0.0
89.16278218353834 -58.49396594714173 -190.05841646985394 0.0
93.61838583406 -61.50419553929254 2.1316282072803006e-12 0.0
97.70452048547983 -58.49396594714173 190.05841646984933 0.0
101.4050600315386 -49.75793941664141 361.51259092124485 0.0
104.70540013340468 -36.151259092123134 497.57939416639744 0.0
107.59251585620078 -19.00584164700403 584.9396594714373 0.0
110.05501307329801 3.3306690738754696e-11 615.041955392901 0.0
112.08317343297746 19.005841646970723 584.9396594714395 0.0
113.66899271326058 36.15125909210981 497.57939416654403 0.0
114.80621240956611 49.75793941666362 361.51259092096257 0.0
115.4903444355737 58.49396594713063 190.05841647018258 0.0
115.71868883454961 61.50419553929254 -3.531397396727698e-10 0.0
115.49034443554262 58.49396594714173 -190.05841646966493 0.0
114.80621240958833 49.75793941665696 -361.5125909211315 0.0
113.66899271330499 36.151259092094264 -497.57939416660514 0.0
112.08317343294193 19.005841647019572 -584.939659471333 0.0
110.05501307330245 -1.7763568394002505e-11 -615.041955392952 0.0
107.59251585609863 -19.00584164699959 -584.939659471333 0.0
104.7054001334935 -36.15125909209649 -497.57939416660724 0.0
101.4050600315386 -49.7579394166614 -361.51259092096274 0.0
97.70452048559974 -58.49396594713063 -190.05841647018897 0.0
93.61838583381576 -61.50419553930364 4.263256414560601e-12 0.0
89.1627821838048 -58.49396594713063 190.0584164701957 0.0
84.35529376658923 -49.757939416645854 361.5125909210761 0.0
79.21489354370638 -36.15125909210759 497.5793941664552 0.0
73.76186832541708 -19.005841647019572 584.9396594713285 0.0
68.01773871140124 0.0 615.0419553930108 0.0
62.00517415756437 19.005841647019572 584.9396594713285 0.0
55.74790350809877 36.15125909210759 497.5793941664541 0.0
49.27062135300133 49.757939416645854 361.5125909210759 0.0
42.59889056428605 58.49396594713063 190.0584164701957 0.0
35.75904141685875 61.50419553930364 0.0 0.0
28.778067668929452 58.49396594713285 -190.05841647018684 0.0
21.683520036159365 49.75793941665696 -361.51259092096933 0.0
14.503397455249356 36.151259092098705 -497.57939416660514 0.0
7.266036591381209 19.00584164699959 -584.9396594713285 0.0
0.0 1.7763568394002505e-11 -615.0419553929609 0.0
-7.266036591380143 -19.005841647017352 -584.939659471324 0.0
-14.503397455248646 -36.151259092098705 -497.57939416660514 0.0
-21.68352003616114 -49.757939416654736 -361.5125909211336 0.0
-28.778067668926255 -58.49396594714173 -190.05841646966493 0.0
-35.75904141685946 -61.50419553929254 -3.4852121189032914e-10 0.0
-42.59889056428605 -58.49396594713285 190.0584164701822 0.0
-49.27062135300169 -49.75793941665918 361.51259092096274 0.0
-55.747903508096464 -36.15125909211425 497.57939416654403 0.0
-62.00517415756224 -19.00584164696628 584.9396594714417 0.0
-68.01773871140337 -3.552713678800501e-11 615.041955392901 0.0
-73.76186832541921 19.00584164700181 584.9396594714373 0.0
-79.21489354356214 36.151259092127574 497.57939416639533 0.0
-84.35529376687344 49.757939416639196 361.5125909212425 0.0
-89.16278218365825 58.49396594714173 190.05841646967383 0.0
-93.6183858338202 61.5041955392992 5.240252676230739e-10 0.0
-97.70452048559974 58.49396594713063 -190.0584164703712 0.0
-101.40506003153415 49.757939416645854 -361.512590921078 0.0
-104.7054001334935 36.15125909210537 -497.5793941664497 0.0
-107.59251585610308 19.00584164700403 -584.9396594713285 0.0
-110.05501307330245 3.552713678800501e-11 -615.0419553930097 0.0
-112.08317343297746 -19.005841647037336 -584.939659471333 0.0
-113.6689927132295 -36.15125909210759 -497.57939416645183 0.0
-114.80621240961052 -49.75793941664364 -361.512590921078 0.0
-115.49034443556927 -58.49396594713285 -190.05841647037798 0.0
-115.71868883454073 -61.50419553930364 3.531397396727698e-10 0.0
-115.49034443556482 -58.49396594713063 190.0584164700092 0.0
-114.806212409575 -49.757939416645854 361.5125909210715 0.0
-113.66899271326058 -36.151259092143114 497.5793941663353 0.0
-112.08317343297303 -19.005841646968502 584.9396594715482 0.0
-110.05501307330245 0.0 615.041955392901 0.0
-107.59251585610308 19.00584164699959 584.9396594713306 0.0
-104.7054001334935 36.15125909210759 497.5793941664575 0.0
-101.40506003164518 49.757939416634756 361.5125909214246 0.0
-97.70452048550204 58.49396594715284 190.05841646934732 0.0
-93.61838583381576 61.50419553929254 7.062794793455396e-10 0.0
-89.16278218380924 58.49396594713063 -190.0584164703602 0.0
-84.3552937665848 49.75793941667694 -361.512590920856 0.0
-79.21489354354438 36.151259092083166 -497.5793941667517 0.0
-73.76186832556807 19.00584164699959 -584.939659471333 0.0
-68.0177387114055 0.0 -615.0419553929032 0.0
-62.00517415756455 -19.00584164699959 -584.939659471333 0.0
-55.74790350809664 -36.15125909208538 -497.5793941667517 0.0
-49.27062135300346 -49.75793941667472 -361.5125909208494 0.0
-42.59889056448358 -58.49396594713285 -190.0584164700003 0.0
-35.75904141666548 -61.50419553929254 0.0 0.0
-28.778067668928742 -58.49396594713063 190.05841646999605 0.0
-21.68352003615901 -49.75793941667694 361.51259092085155 0.0
-14.503397455249 -36.15125909208538 497.5793941667483 0.0
-7.266036591172309 -19.00584164699959 584.939659471333 0.0
-2.0818902157770935e-10 0.0 615.041955392901 0.0
7.266036591379077 19.005841646997368 584.9396594713353 0.0
14.503397455249711 36.15125909208761 497.57939416675487 0.0
21.683520036158654 49.7579394166725 361.51259092085616 0.0
28.77806766892661 58.49396594713285 190.05841647036235 0.0
35.75904141666868 61.50419553929254 -7.062794793455396e-10 0.0
42.598890564478964 58.49396594715284 -190.0584164693452 0.0
49.27062135300382 49.757939416634756 -361.51259092142016 0.0
55.74790350809877 36.15125909210537 -497.5793941664607 0.0
62.00517415755993 19.005841647037336 -584.9396594713285 0.0
68.01773871141012 -7.105427357601002e-11 -615.0419553929032 0.0
73.76186832556364 -19.005841646932975 -584.9396594715416 0.0
79.21489354354651 -36.1512590921409 -497.5793941663431 0.0
84.3552937665848 -49.75793941664808 -361.5125909210715 0.0
89.16278218380924 -58.49396594713063 -190.05841647036874 0.0
93.61838583381132 -61.50419553929254 7.016609515630989e-10 0.0
97.70452048550648 -58.49396594715284 190.05841646933845 0.0
101.40506003164073 -49.757939416634756 361.5125909214134 0.0
104.70540013348905 -36.15125909210759 497.5793941664575 0.0
107.59251585611639 -19.005841647037336 584.9396594713262 0.0
110.05501307328913 6.88338275267597e-11 615.041955392901 0.0
112.08317343298191 19.005841646935195 584.9396594715482 0.0
113.66899271326058 36.1512590921409 497.5793941663465 0.0
114.80621240957944 49.757939416634756 361.5125909214134 0.0
115.49034443554706 58.49396594715284 190.0584164696962 0.0
115.71868883455404 61.50419553928143 -3.531397396727698e-10 0.0
115.49034443558703 58.49396594715284 -190.05841646933206 0.0
114.80621240956168 49.75793941663697 -361.5125909214111 0.0
113.66899271326058 36.1512590921409 -497.5793941663431 0.0
112.08317343297746 19.005841646968502 -584.9396594715416 0.0
110.05501307329801 0.0 -615.0419553929032 0.0
107.59251585610751 -19.00584164700181 -584.9396594713285 0.0
104.70540013348905 -36.15125909210537 -497.5793941664607 0.0
101.40506003153415 -49.757939416634756 -361.51259092142016 0.0
97.70452048560418 -58.49396594715284 -190.0584164697026 0.0
93.61838583381576 -61.50419553929254 8.881784197001252e-12 0.0
89.16278218366269 -58.49396594713285 190.05841647000457 0.0
84.35529376702443 -49.75793941664364 361.5125909210649 0.0
79.21489354326229 -36.15125909214534 497.5793941663374 0.0
73.76186832556594 -19.005841646968502 584.939659471544 0.0
68.01773871140337 -3.3306690738754696e-11 615.0419553930108 0.0
62.00517415756668 19.0058416470662 584.939659471113 0.0
55.74790350809433 36.151259092074284 497.5793941665696 0.0
49.27062135300346 49.75793941663253 361.512590921429 0.0
42.59889056428605 58.49396594715284 190.05841646970723 0.0
35.75904141685875 61.50419553930364 3.396394276933279e-10 0.0
28.778067668928387 58.493965947110645 -190.0584164706796 0.0
21.683520035954018 49.75793941665696 -361.5125909207185 0.0
14.503397455871081 36.151259092143114 -497.5793941663342 0.0
7.266036590757707 19.005841646970723 -584.9396594715416 0.0
2.0818902157770935e-10 3.3306690738754696e-11 -615.0419553930097 0.0
-7.266036591380143 -19.0058416470662 -584.9396594711199 0.0
-14.503397455249356 -36.15125909207206 -497.5793941665696 0.0
-21.68352003615901 -49.75793941663253 -361.51259092143346 0.0
-28.778067668927676 -58.49396594715284 -190.0584164697161 0.0
-35.75904141685946 -61.50419553930364 -3.439026841078885e-10 0.0
-42.59889056428605 -58.49396594713063 190.05841647038224 0.0
-49.27062135300169 -49.757939416645854 361.5125909210846 0.0
-55.74790350827179 -36.15125909210759 497.5793941664575 0.0
-62.00517415704265 -19.00584164699959 584.9396594713306 0.0
-68.01773871191638 -3.552713678800501e-11 615.0419553930108 0.0
-73.76186832524833 19.005841647039556 584.9396594713285 0.0
-79.21489354371083 36.15125909210759 497.57939416644524 0.0
-84.35529376658035 49.757939416645854 361.5125909210715 0.0
-89.1627821838048 58.49396594713063 190.0584164700092 0.0
-93.6183858338202 61.50419553930364 3.531397396727698e-10 0.0
-97.70452048559974 58.49396594713285 -190.05841647037798 0.0
-101.40506003153415 49.75793941664364 -361.512590921078 0.0
-104.7054001334935 36.15125909210759 -497.57939416645183 0.0
-107.59251585610308 19.00584164700181 -584.939659471333 0.0
-110.05501307324916 3.552713678800501e-11 -615.0419553930097 0.0
-112.08317343307961 -19.005841647039556 -584.9396594713285 0.0
-113.66899271318064 -36.15125909210537 -497.57939416645183 0.0
-114.80621240962385 -49.757939416645854 -361.51259092107375 0.0
-115.49034443554262 -58.49396594713063 -190.05841647037548 0.0
-115.71868883454961 -61.50419553930364 3.574029960873304e-10 0.0
-115.4903444355737 -58.49396594713285 190.0584164700138 0.0
-114.80621240957056 -49.75793941664364 361.51259092107125 0.0
-113.66899271325615 -36.15125909210981 497.5793941664497 0.0
-112.08317343297746 -19.005841647037336 584.9396594713285 0.0
-110.05501307330245 3.552713678800501e-11 615.0419553930108 0.0
-107.59251585619633 19.00584164700181 584.9396594713309 0.0
-104.70540013340911 36.15125909208538 497.57939416674384 0.0
-101.40506003153415 49.75793941668582 361.5125909205028 0.0
-97.70452048548428 58.49396594711287 190.05841647066893 0.0
-93.61838583405557 61.50419553930142 -3.488764832582092e-10 0.0
-89.16278218354722 58.49396594713285 -190.0584164700067 0.0
-84.35529376686901 49.75793941667472 -361.51259092085616 0.0
-79.21489354339997 36.151259092049855 -497.57939416687157 0.0
-73.76186832557039 19.005841647068422 -584.9396594711109 0.0
-68.0177387114055 -3.552713678800501e-11 -615.0419553930142 0.0
-62.00517415756455 -19.005841646970723 -584.9396594715372 0.0
-55.74790350828529 -36.15125909214534 -497.5793941663342 0.0
-49.270621352821564 -49.757939416654736 -361.5125909207139 0.0
-42.59889056428037 -58.49396594711287 -190.05841647067533 0.0
-35.759041416660864 -61.50419553930142 3.396394276933279e-10 0.0
-28.77806766933162 -58.493965947155054 190.05841646971396 0.0
-21.683520035749737 -49.757939416630315 361.51259092142885 0.0
-14.503397455663602 -36.151259092074284 497.57939416657405 0.0
-7.266036590965186 -19.005841647068422 584.9396594711131 0.0
-2.0818902157770935e-10 3.552713678800501e-11 615.0419553930108 0.0
7.266036591379077 19.005841646970723 584.9396594715438 0.0
14.503397455249356 36.151259092143114 497.57939416633315 0.0
21.683520035957216 49.757939416654736 361.5125909207249 0.0
28.7780676691316 58.49396594711287 190.05841647067996 0.0
35.75904141686408 61.50419553930142 -3.353761712787673e-10 0.0
42.59889056428037 58.493965947155054 -190.05841646970723 0.0
49.27062135300382 49.75793941663253 -361.51259092142 0.0
55.7479035082741 36.1512590921409 -497.57939416635645 0.0
62.005174157209275 19.005841646932975 -584.9396594715462 0.0
68.01773871174301 3.3306690738754696e-11 -615.0419553927921 0.0
73.7618683252462 -19.005841646968502 -584.9396594715462 0.0
79.21489354370638 -36.151259092143114 -497.57939416633866 0.0
84.3552937665848 -49.757939416634756 -361.51259092140685 0.0
89.16278218368045 -58.493965947155054 -190.05841646932743 0.0
93.61838583395343 -61.504195539279216 -3.531397396727698e-10 0.0
97.70452048560418 -58.493965947155054 190.05841646970083 0.0
101.40506003152971 -49.757939416634756 361.51259092142 0.0
104.7054001334935 -36.15125909213867 497.5793941663442 0.0
107.59251585617413 -19.005841646935195 584.9396594715506 0.0
110.05501307316479 -3.3306690738754696e-11 615.0419553927899 0.0
112.08317343308404 19.005841646968502 584.9396594715485 0.0
113.66899271317621 36.1512590921409 497.57939416634184 0.0
114.80621240962385 49.757939416634756 361.51259092141356 0.0
115.49034443554706 58.493965947155054 190.0584164693342 0.0
115.71868883456293 61.504195539290315 6.970424237806583e-10 0.0
115.49034443556927 58.49396594713285 -190.05841647037334 0.0
114.80621240957056 49.757939416645854 -361.5125909210715 0.0
113.66899271326058 36.1512590921409 -497.57939416634525 0.0
112.08317343297746 19.005841646935195 -584.9396594715462 0.0
110.05501307321808 6.88338275267597e-11 -615.0419553929032 0.0
107.59251585626295 -19.005841647037336 -584.939659471324 0.0
104.70540013331586 -36.15125909210759 -497.5793941664607 0.0
101.40506003172955 -49.75793941663253 -361.51259092141555 0.0
97.70452048538213 -58.493965947155054 -190.05841646969833 0.0
93.61838583419768 -61.504195539290315 8.881784197001252e-12 0.0
89.162782183414 -58.493965947135074 190.05841647001134 0.0
84.35529376687344 -49.75793941664364 361.5125909210647 0.0
79.21489354340227 -36.1512590921409 497.579394166341 0.0
73.76186832556807 -19.005841646972943 584.9396594715461 0.0
68.01773871140337 2.220446049250313e-12 615.0419553928998 0.0
62.00517415756668 19.00584164700181 584.9396594713306 0.0
55.74790350809433 36.151259092083166 497.5793941667506 0.0
49.27062135281055 49.75793941667694 361.51259092084496 0.0
42.598890564671166 58.49396594713285 190.05841646999357 0.0
35.759041416465465 61.504195539290315 -4.263256414560601e-12 0.0
28.778067669536966 58.493965947135074 -190.0584164700028 0.0
21.683520035546877 49.7579394166725 -361.51259092085365 0.0
14.503397455664313 36.15125909208538 -497.5793941667517 0.0
