0.09187405869046346 0.4019319908511764 0.5197791740066057 0
0.13735767764191908 0.40540709092951227 0.485028173223247 0
0.1822992085924759 0.4076382425224319 0.4412393576668608 0
0.2265212878513044 0.4084070449666731 0.39269908169872414 0
0.26984939107471634 0.4076382425224319 0.3441588057305875 0
0.3121125220340164 0.40540709092951227 0.30036999017420124 0
0.3531438874594961 0.4019319908511764 0.26561898939084266 0
0.3927815552972687 0.39755310929553783 0.24330747346164636 0
0.4308690937811066 0.39269908169872414 0.23561944901923448 0
0.4672561887971552 0.3878450541019105 0.24330747346164633 0
0.5017992371050685 0.38346617254627186 0.2656189893908426 0
0.534361913074393 0.379991072467936 0.3003699901742013 0
0.5648157066995493 0.37775992087501636 0.3441588057305876 0
0.5930404307701137 0.37699111843077515 0.3926990816987241 0
0.6189246951948295 0.37775992087501636 0.4412393576668608 0
0.6423663466074081 0.379991072467936 0.4850281732232471 0
0.6632728715191958 0.38346617254627186 0.5197791740066056 0
0.6815617614276485 0.38784505410191045 0.5420906899358019 0
0.6971608384396963 0.39269908169872414 0.5497787143782138 0
0.7100085401249135 0.3975531092955378 0.542090689935802 0
0.7200541624743049 0.4019319908511764 0.5197791740066057 0
0.7272580600058657 0.40540709092951227 0.4850281732232469 0
0.7315918022271866 0.4076382425224319 0.44123935766686084 0
0.7330382858376184 0.4084070449666731 0.3926990816987242 0
0.7315918022271866 0.4076382425224319 0.34415880573058755 0
0.7272580600058657 0.40540709092951227 0.30036999017420135 0
0.7200541624743049 0.4019319908511764 0.2656189893908425 0
0.7100085401249135 0.39755310929553783 0.24330747346164638 0
0.6971608384396965 0.39269908169872414 0.23561944901923448 0
0.6815617614276483 0.3878450541019105 0.24330747346164633 0
0.6632728715191958 0.38346617254627186 0.2656189893908426 0
0.6423663466074082 0.379991072467936 0.30036999017420124 0
0.6189246951948296 0.37775992087501636 0.34415880573058766 0
0.5930404307701137 0.37699111843077515 0.39269908169872436 0
0.5648157066995493 0.37775992087501636 0.44123935766686073 0
0.5343619130743932 0.379991072467936 0.48502817322324693 0
0.5017992371050685 0.38346617254627186 0.5197791740066056 0
0.4672561887971553 0.38784505410191045 0.5420906899358019 0
0.43086909378110666 0.39269908169872414 0.5497787143782138 0
0.3927815552972687 0.39755310929553783 0.5420906899358019 0
0.353143887459496 0.4019319908511764 0.5197791740066057 0
0.31211252203401657 0.40540709092951227 0.48502817322324704 0
0.2698493910747162 0.4076382425224319 0.4412393576668609 0
0.2265212878513045 0.4084070449666731 0.39269908169872425 0
0.18229920859247592 0.4076382425224319 0.3441588057305873 0
0.13735767764191906 0.40540709092951227 0.30036999017420113 0
0.09187405869046367 0.4019319908511764 0.2656189893908427 0
0.04602785480262153 0.39755310929553783 0.24330747346164638 0
8.977129904035019e-17 0.39269908169872414 0.23561944901923448 0
-0.04602785480262136 0.38784505410191045 0.2433074734616464 0
-0.09187405869046315 0.38346617254627186 0.2656189893908426 0
-0.13735767764191922 0.37999107246793595 0.30036999017420146 0
-0.18229920859247575 0.37775992087501636 0.3441588057305874 0
-0.22652128785130435 0.37699111843077515 0.3926990816987243 0
-0.26984939107471634 0.37775992087501636 0.44123935766686123 0
-0.3121125220340164 0.379991072467936 0.4850281732232471 0
-0.3531438874594958 0.38346617254627186 0.5197791740066056 0
-0.3927815552972688 0.38784505410191045 0.5420906899358018 0
-0.4308690937811065 0.39269908169872414 0.5497787143782138 0
-0.46725618879715514 0.39755310929553783 0.5420906899358019 0
-0.5017992371050686 0.4019319908511764 0.5197791740066057 0
-0.5343619130743932 0.4054070909295123 0.4850281732232469 0
-0.5648157066995494 0.4076382425224319 0.4412393576668609 0
-0.5930404307701136 0.4084070449666731 0.392699081698724 0
-0.6189246951948293 0.4076382425224319 0.3441588057305876 0
-0.6423663466074081 0.40540709092951227 0.3003699901742012 0
-0.6632728715191957 0.40193199085117637 0.2656189893908424 0
-0.6815617614276485 0.3975531092955378 0.2433074734616463 0
-0.6971608384396963 0.3926990816987241 0.23561944901923448 0
-0.7100085401249134 0.3878450541019105 0.24330747346164622 0
-0.7200541624743049 0.38346617254627186 0.2656189893908426 0
-0.7272580600058657 0.379991072467936 0.30036999017420096 0
-0.7315918022271866 0.37775992087501636 0.3441588057305873 0
-0.7330382858376184 0.37699111843077515 0.39269908169872425 0
-0.7315918022271866 0.37775992087501636 0.4412393576668607 0
-0.7272580600058657 0.379991072467936 0.4850281732232471 0
-0.7200541624743049 0.38346617254627186 0.5197791740066056 0
-0.7100085401249135 0.3878450541019105 0.542090689935802 0
-0.6971608384396965 0.3926990816987242 0.5497787143782138 0
-0.6815617614276486 0.39755310929553783 0.5420906899358019 0
-0.6632728715191958 0.4019319908511765 0.5197791740066053 0
-0.6423663466074083 0.40540709092951227 0.4850281732232469 0
-0.6189246951948294 0.4076382425224319 0.44123935766686095 0
-0.5930404307701137 0.4084070449666731 0.3926990816987246 0
-0.5648157066995495 0.4076382425224319 0.34415880573058766 0
-0.5343619130743931 0.40540709092951227 0.3003699901742012 0
-0.5017992371050682 0.4019319908511764 0.2656189893908427 0
-0.4672561887971556 0.3975531092955378 0.24330747346164633 0
-0.43086909378110677 0.39269908169872414 0.23561944901923448 0
-0.3927815552972685 0.38784505410191045 0.24330747346164638 0
-0.3531438874594961 0.3834661725462718 0.26561898939084283 0
-0.3121125220340167 0.379991072467936 0.3003699901742014 0
-0.26984939107471634 0.37775992087501636 0.3441588057305878 0
-0.22652128785130463 0.37699111843077515 0.39269908169872425 0
-0.1822992085924763 0.37775992087501636 0.4412393576668606 0
-0.13735767764191914 0.37999107246793595 0.4850281732232466 0
-0.09187405869046374 0.38346617254627186 0.5197791740066056 0
-0.046027854802621296 0.3878450541019105 0.542090689935802 0
-1.7954259808070039e-16 0.39269908169872414 0.5497787143782138 0
0.04602785480262094 0.39755310929553783 0.5420906899358019 0
0.09187405869046339 0.4019319908511765 0.5197791740066054 0
0.13735767764191945 0.40540709092951227 0.48502817322324737 0
0.18229920859247534 0.4076382425224319 0.441239357666861 0
0.22652128785130426 0.4084070449666731 0.3926990816987241 0
0.26984939107471656 0.4076382425224319 0.34415880573058716 0
0.31211252203401635 0.4054070909295123 0.3003699901742017 0
0.35314388745949576 0.4019319908511764 0.2656189893908428 0
0.3927815552972687 0.3975531092955378 0.24330747346164633 0
0.43086909378110644 0.3926990816987241 0.23561944901923448 0
0.4672561887971553 0.3878450541019105 0.2433074734616462 0
0.5017992371050685 0.3834661725462718 0.26561898939084316 0
0.5343619130743928 0.379991072467936 0.30036999017420135 0
0.5648157066995493 0.37775992087501636 0.34415880573058777 0
0.5930404307701135 0.37699111843077515 0.39269908169872364 0
0.6189246951948293 0.37775992087501636 0.44123935766686057 0
0.642366346607408 0.379991072467936 0.485028173223247 0
0.6632728715191959 0.3834661725462718 0.5197791740066051 0
0.6815617614276482 0.38784505410191056 0.5420906899358021 0
0.6971608384396963 0.39269908169872414 0.5497787143782138 0
0.7100085401249135 0.39755310929553783 0.5420906899358019 0
0.7200541624743048 0.4019319908511764 0.5197791740066054 0
0.7272580600058656 0.4054070909295123 0.4850281732232465 0
0.7315918022271866 0.4076382425224319 0.441239357666861 0
0.7330382858376184 0.4084070449666731 0.3926990816987241 0
0.7315918022271866 0.4076382425224319 0.34415880573058716 0
0.7272580600058657 0.40540709092951227 0.30036999017420085 0
0.7200541624743048 0.4019319908511764 0.26561898939084283 0
0.7100085401249135 0.3975531092955378 0.24330747346164633 0
0.6971608384396965 0.3926990816987241 0.23561944901923448 0
0.6815617614276487 0.3878450541019105 0.2433074734616462 0
0.6632728715191961 0.38346617254627186 0.2656189893908425 0
0.642366346607408 0.379991072467936 0.3003699901742013 0
0.6189246951948295 0.37775992087501636 0.34415880573058777 0
0.5930404307701138 0.37699111843077515 0.3926990816987236 0
0.5648157066995496 0.37775992087501636 0.4412393576668616 0
0.5343619130743935 0.379991072467936 0.485028173223247 0
0.5017992371050684 0.38346617254627186 0.5197791740066058 0
0.4672561887971552 0.38784505410191045 0.5420906899358018 0
0.43086909378110677 0.39269908169872425 0.5497787143782138 0
0.3927815552972691 0.39755310929553783 0.5420906899358019 0
0.3531438874594967 0.40193199085117637 0.5197791740066061 0
0.3121125220340162 0.4054070909295123 0.48502817322324654 0
0.2698493910747164 0.4076382425224319 0.44123935766686107 0
0.2265212878513047 0.4084070449666731 0.39269908169872414 0
0.18229920859247514 0.40763824252243197 0.34415880573058827 0
0.1373576776419199 0.40540709092951227 0.30036999017420085 0
0.0918740586904645 0.4019319908511764 0.26561898939084283 0
0.046027854802621386 0.39755310929553783 0.24330747346164636 0
2.6931389712105057e-16 0.39269908169872414 0.23561944901923448 0
-0.04602785480262085 0.38784505410191045 0.24330747346164652 0
-0.09187405869046394 0.38346617254627186 0.2656189893908425 0
-0.13735767764191809 0.3799910724679359 0.3003699901742022 0
-0.1822992085924759 0.37775992087501636 0.3441588057305877 0
-0.22652128785130418 0.37699111843077515 0.3926990816987236 0
-0.2698493910747159 0.37775992087501636 0.4412393576668605 0
-0.31211252203401685 0.379991072467936 0.485028173223247 0
-0.3531438874594962 0.38346617254627186 0.5197791740066058 0
-0.3927815552972676 0.3878450541019104 0.5420906899358018 0
-0.4308690937811063 0.3926990816987242 0.5497787143782138 0
-0.4672561887971547 0.3975531092955378 0.542090689935802 0
-0.5017992371050679 0.4019319908511764 0.5197791740066054 0
-0.5343619130743932 0.40540709092951227 0.4850281732232474 0
-0.5648157066995493 0.40763824252243197 0.44123935766686007 0
-0.5930404307701135 0.4084070449666731 0.3926990816987242 0
-0.6189246951948292 0.4076382425224319 0.34415880573058727 0
-0.6423663466074077 0.40540709092951227 0.30036999017420085 0
-0.6632728715191959 0.4019319908511764 0.26561898939084283 0
-0.6815617614276483 0.39755310929553783 0.24330747346164636 0
-0.6971608384396962 0.39269908169872425 0.23561944901923448 0
-0.7100085401249134 0.38784505410191045 0.24330747346164652 0
-0.7200541624743048 0.38346617254627186 0.26561898939084244 0
-0.7272580600058657 0.379991072467936 0.3003699901742013 0
-0.7315918022271866 0.37775992087501636 0.3441588057305877 0
-0.7330382858376184 0.37699111843077515 0.39269908169872464 0
-0.7315918022271864 0.37775992087501636 0.4412393576668605 0
-0.7272580600058658 0.37999107246793606 0.4850281732232478 0
-0.7200541624743051 0.38346617254627186 0.5197791740066058 0
-0.7100085401249135 0.3878450541019105 0.5420906899358021 0
-0.6971608384396966 0.3926990816987241 0.5497787143782138 0
-0.6815617614276487 0.3975531092955378 0.542090689935802 0
-0.6632728715191956 0.4019319908511764 0.5197791740066056 0
-0.6423663466074087 0.40540709092951227 0.4850281732232475 0
-0.6189246951948295 0.40763824252243197 0.44123935766686007 0
-0.5930404307701138 0.4084070449666731 0.3926990816987242 0
-0.5648157066995496 0.4076382425224319 0.34415880573058727 0
-0.5343619130743927 0.4054070909295123 0.30036999017420185 0
-0.5017992371050685 0.40193199085117637 0.2656189893908422 0
-0.46725618879715625 0.39755310929553783 0.24330747346164638 0
-0.4308690937811068 0.39269908169872414 0.23561944901923448 0
-0.3927815552972692 0.38784505410191045 0.2433074734616465 0
-0.3531438874594968 0.3834661725462719 0.26561898939084244 0
-0.31211252203401624 0.379991072467936 0.30036999017420124 0
-0.2698493910747165 0.37775992087501636 0.3441588057305866 0
-0.2265212878513048 0.37699111843077515 0.3926990816987246 0
-0.1822992085924765 0.37775992087501636 0.44123935766686045 0
-0.13735767764191997 0.379991072467936 0.4850281732232469 0
-0.09187405869046328 0.38346617254627186 0.5197791740066058 0
-0.04602785480262148 0.3878450541019105 0.542090689935802 0
-3.5908519616140077e-16 0.3926990816987241 0.5497787143782138 0
0.04602785480262076 0.3975531092955379 0.5420906899358016 0
0.09187405869046256 0.4019319908511764 0.5197791740066056 0
0.13735767764191928 0.4054070909295123 0.4850281732232466 0
0.1822992085924758 0.40763824252243197 0.4412393576668601 0
0.2265212878513041 0.4084070449666731 0.39269908169872536 0
0.269849391074717 0.40763824252243197 0.3441588057305884 0
0.31211252203401557 0.4054070909295123 0.30036999017420185 0
0.353143887459495 0.4019319908511765 0.2656189893908429 0
0.39278155529726855 0.39755310929553783 0.24330747346164638 0
0.43086909378110627 0.39269908169872414 0.23561944901923448 0
0.4672561887971547 0.38784505410191045 0.24330747346164647 0
0.5017992371050688 0.3834661725462718 0.26561898939084305 0
0.5343619130743923 0.37999107246793606 0.3003699901742003 0
0.5648157066995492 0.37775992087501636 0.34415880573058655 0
0.5930404307701135 0.37699111843077515 0.3926990816987257 0
0.6189246951948292 0.37775992087501636 0.4412393576668604 0
0.6423663466074083 0.379991072467936 0.4850281732232469 0
0.6632728715191958 0.38346617254627186 0.5197791740066057 0
0.6815617614276479 0.3878450541019103 0.5420906899358013 0
0.6971608384396962 0.3926990816987242 0.5497787143782138 0
0.7100085401249133 0.3975531092955379 0.5420906899358016 0
0.720054162474305 0.40193199085117637 0.5197791740066062 0
0.7272580600058657 0.40540709092951227 0.48502817322324754 0
0.7315918022271866 0.40763824252243197 0.44123935766685907 0
0.7330382858376184 0.4084070449666731 0.3926990816987243 0
0.7315918022271866 0.4076382425224319 0.3441588057305874 0
0.7272580600058658 0.40540709092951227 0.30036999017420096 0
0.7200541624743048 0.40193199085117637 0.2656189893908423 0
0.7100085401249135 0.3975531092955377 0.24330747346164605 0
0.6971608384396966 0.39269908169872425 0.23561944901923448 0
0.6815617614276487 0.38784505410191056 0.24330747346164613 0
0.6632728715191961 0.3834661725462719 0.2656189893908424 0
0.642366346607408 0.379991072467936 0.3003699901742012 0
0.6189246951948296 0.37775992087501636 0.34415880573058755 0
0.5930404307701139 0.37699111843077515 0.39269908169872453 0
0.5648157066995488 0.3777599208750163 0.4412393576668593 0
0.5343619130743937 0.37999107246793606 0.48502817322324776 0
0.5017992371050694 0.38346617254627197 0.5197791740066063 0
0.4672561887971553 0.3878450541019104 0.5420906899358017 0
0.43086909378110694 0.3926990816987241 0.5497787143782138 0
0.39278155529726927 0.397553109295538 0.5420906899358013 0
0.35314388745949576 0.4019319908511764 0.5197791740066056 0
0.3121125220340175 0.4054070909295123 0.48502817322324665 0
0.26984939107471656 0.4076382425224319 0.4412393576668602 0
0.22652128785130488 0.4084070449666731 0.39269908169872547 0
0.18229920859247659 0.40763824252243186 0.3441588057305863 0
0.13735767764191878 0.4054070909295123 0.3003699901742019 0
0.09187405869046338 0.4019319908511765 0.26561898939084294 0
0.046027854802622864 0.39755310929553783 0.2433074734616464 0
4.48856495201751e-16 0.39269908169872414 0.23561944901923448 0
-0.046027854802620664 0.38784505410191045 0.24330747346164647 0
-0.09187405869046378 0.3834661725462718 0.26561898939084305 0
-0.13735767764191917 0.37999107246793606 0.30036999017420024 0
-0.1822992085924757 0.3777599208750163 0.3441588057305886 0
-0.22652128785130524 0.37699111843077515 0.3926990816987256 0
-0.26984939107471695 0.37775992087501636 0.44123935766686034 0
-0.3121125220340167 0.37999107246793595 0.4850281732232468 0
-0.3531438874594961 0.38346617254627186 0.5197791740066057 0
-0.39278155529726855 0.3878450541019105 0.542090689935802 0
-0.43086909378110616 0.3926990816987242 0.5497787143782138 0
-0.46725618879715464 0.39755310929553767 0.5420906899358023 0
-0.5017992371050679 0.4019319908511763 0.5197791740066062 0
-0.5343619130743922 0.4054070909295124 0.4850281732232458 0
-0.5648157066995483 0.4076382425224319 0.4412393576668613 0
-0.5930404307701141 0.4084070449666731 0.39269908169872436 0
-0.6189246951948298 0.4076382425224319 0.34415880573058744 0
-0.6423663466074083 0.40540709092951227 0.3003699901742011 0
-0.6632728715191958 0.40193199085117637 0.2656189893908423 0
-0.6815617614276483 0.3975531092955377 0.24330747346164608 0
-0.6971608384396962 0.39269908169872425 0.23561944901923448 0
-0.7100085401249133 0.38784505410191056 0.2433074734616461 0
-0.7200541624743046 0.38346617254627174 0.26561898939084366 0
-0.7272580600058655 0.379991072467936 0.3003699901742011 0
-0.7315918022271864 0.37775992087501636 0.3441588057305875 0
-0.7330382858376184 0.37699111843077515 0.3926990816987245 0
-0.7315918022271866 0.37775992087501636 0.44123935766686134 0
-0.7272580600058656 0.37999107246793606 0.48502817322324765 0
-0.7200541624743049 0.38346617254627174 0.519779174006605 0
-0.7100085401249135 0.3878450541019104 0.5420906899358017 0
-0.6971608384396966 0.3926990816987243 0.5497787143782138 0
-0.6815617614276478 0.3975531092955378 0.542090689935802 0
-0.6632728715191962 0.4019319908511764 0.5197791740066056 0
-0.6423663466074088 0.4054070909295123 0.48502817322324676 0
-0.6189246951948303 0.40763824252243186 0.4412393576668624 0
-0.5930404307701147 0.4084070449666731 0.3926990816987233 0
-0.564815706699549 0.40763824252243186 0.34415880573058644 0
-0.5343619130743928 0.4054070909295123 0.30036999017420196 0
-0.5017992371050686 0.4019319908511765 0.26561898939084294 0
-0.46725618879715536 0.3975531092955376 0.24330747346164575 0
-0.430869093781107 0.39269908169872414 0.23561944901923448 0
-0.3927815552972694 0.38784505410191045 0.24330747346164644 0
-0.3531438874594947 0.38346617254627197 0.26561898939084166 0
-0.31211252203401524 0.37999107246793595 0.30036999017420196 0
-0.26984939107471784 0.3777599208750163 0.34415880573058855 0
-0.22652128785130615 0.37699111843077515 0.3926990816987233 0
-0.18229920859247792 0.37775992087501636 0.4412393576668603 0
-0.13735767764191886 0.37999107246793595 0.48502817322324676 0
-0.09187405869046346 0.38346617254627186 0.5197791740066056 0
-0.04602785480262166 0.3878450541019105 0.542090689935802 0
-5.386277942421011e-16 0.3926990816987242 0.5497787143782138 0
0.04602785480262059 0.39755310929553767 0.5420906899358023 0
0.0918740586904624 0.40193199085117653 0.519779174006605 0
0.13735767764192036 0.4054070909295124 0.4850281732232459 0
0.1822992085924769 0.4076382425224319 0.44123935766686134 0
0.22652128785130515 0.4084070449666731 0.3926990816987245 0
0.2698493910747144 0.40763824252243186 0.3441588057305854 0
0.31211252203401424 0.40540709092951227 0.3003699901742011 0
0.35314388745949604 0.40193199085117637 0.26561898939084233 0
0.3927815552972685 0.39755310929553794 0.2433074734616468 0
0.4308690937811061 0.39269908169872425 0.23561944901923448 0
0.4672561887971545 0.38784505410191034 0.24330747346164677 0
0.5017992371050678 0.3834661725462719 0.2656189893908423 0
0.5343619130743921 0.379991072467936 0.3003699901742011 0
0.56481570669955 0.37775992087501636 0.34415880573058744 0
0.593040430770114 0.37699111843077515 0.39269908169872436 0
0.6189246951948297 0.37775992087501636 0.4412393576668613 0
0.642366346607407 0.37999107246793606 0.4850281732232476 0
0.6632728715191947 0.38346617254627174 0.5197791740066049 0
0.6815617614276483 0.3878450541019106 0.5420906899358023 0
0.6971608384396962 0.3926990816987243 0.5497787143782138 0
0.7100085401249133 0.3975531092955378 0.542090689935802 0
0.7200541624743046 0.4019319908511764 0.5197791740066057 0
0.7272580600058655 0.40540709092951216 0.48502817322324865 0
0.7315918022271864 0.4076382425224319 0.44123935766686034 0
0.7330382858376184 0.4084070449666731 0.39269908169872336 0
0.7315918022271866 0.40763824252243197 0.3441588057305886 0
0.7272580600058656 0.4054070909295123 0.300369990174202 0
0.7200541624743049 0.4019319908511763 0.2656189893908417 0
0.7100085401249142 0.39755310929553783 0.24330747346164647 0
0.6971608384396966 0.39269908169872414 0.23561944901923448 0
0.6815617614276487 0.38784505410191045 0.2433074734616464 0
0.6632728715191962 0.3834661725462718 0.26561898939084294 0
0.6423663466074088 0.37999107246793595 0.3003699901742019 0
0.6189246951948304 0.3777599208750163 0.34415880573058844 0
0.5930404307701133 0.37699111843077515 0.3926990816987232 0
0.564815706699549 0.37775992087501636 0.4412393576668602 0
0.5343619130743928 0.3799910724679361 0.4850281732232485 0
0.5017992371050686 0.38346617254627186 0.5197791740066056 0
0.4672561887971554 0.3878450541019105 0.542090689935802 0
0.43086909378110705 0.392699081698724 0.5497787143782138 0
0.39278155529726727 0.3975531092955379 0.5420906899358017 0
0.35314388745949704 0.4019319908511765 0.519779174006605 0
0.3121125220340177 0.4054070909295122 0.4850281732232477 0
0.26984939107471795 0.4076382425224319 0.44123935766686145 0
0.22652128785130624 0.4084070449666731 0.3926990816987223 0
0.1822992085924755 0.4076382425224319 0.34415880573058755 0
0.13735767764191895 0.40540709092951227 0.3003699901742012 0
0.09187405869046356 0.40193199085117637 0.2656189893908424 0
0.04602785480262175 0.39755310929553794 0.2433074734616468 0
6.283990932824514e-16 0.39269908169872403 0.23561944901923448 0
-0.04602785480262049 0.38784505410191034 0.24330747346164674 0
-0.09187405869046489 0.3834661725462719 0.2656189893908423 0
-0.13735767764191772 0.379991072467936 0.30036999017420096 0
-0.18229920859247428 0.3777599208750163 0.3441588057305895 0
-0.22652128785130257 0.37699111843077515 0.3926990816987243 0
-0.26984939107471434 0.37775992087501636 0.44123935766686123 0
-0.3121125220340165 0.3799910724679359 0.48502817322324576 0
-0.35314388745949593 0.3834661725462719 0.5197791740066062 0
-0.3927815552972684 0.3878450541019106 0.5420906899358023 0
-0.4308690937811061 0.3926990816987241 0.5497787143782138 0
-0.46725618879715447 0.3975531092955378 0.542090689935802 0
-0.5017992371050677 0.4019319908511764 0.5197791740066057 0
-0.5343619130743938 0.40540709092951227 0.4850281732232469 0
-0.5648157066995498 0.4076382425224319 0.4412393576668604 0
-0.5930404307701125 0.4084070449666731 0.3926990816987235 0
-0.6189246951948283 0.40763824252243197 0.34415880573058866 0
-0.6423663466074069 0.4054070909295122 0.3003699901742003 0
-0.6632728715191958 0.4019319908511763 0.2656189893908417 0
-0.6815617614276483 0.39755310929553783 0.24330747346164647 0
-0.6971608384396962 0.39269908169872414 0.23561944901923448 0
-0.7100085401249133 0.3878450541019102 0.24330747346164708 0
-0.7200541624743046 0.3834661725462718 0.2656189893908429 0
-0.7272580600058655 0.37999107246793595 0.30036999017420185 0
-0.7315918022271866 0.3777599208750164 0.34415880573058627 0
-0.7330382858376184 0.37699111843077515 0.39269908169872314 0
-0.7315918022271866 0.3777599208750164 0.44123935766686223 0
-0.7272580600058659 0.37999107246793595 0.4850281732232466 0
-0.7200541624743054 0.38346617254627186 0.5197791740066056 0
-0.7100085401249137 0.3878450541019105 0.542090689935802 0
-0.6971608384396966 0.3926990816987242 0.5497787143782138 0
-0.6815617614276488 0.3975531092955379 0.5420906899358018 0
-0.6632728715191963 0.4019319908511765 0.5197791740066051 0
-0.6423663466074089 0.4054070909295122 0.48502817322324776 0
-0.6189246951948305 0.4076382425224319 0.4412393576668615 0
-0.5930404307701133 0.4084070449666731 0.39269908169872236 0
-0.5648157066995491 0.4076382425224319 0.34415880573058766 0
-0.534361913074393 0.40540709092951227 0.30036999017420124 0
-0.5017992371050687 0.4019319908511766 0.2656189893908437 0
-0.46725618879715747 0.3975531092955377 0.24330747346164613 0
-0.43086909378110716 0.39269908169872403 0.23561944901923448 0
-0.39278155529726955 0.38784505410191056 0.24330747346164602 0
-0.35314388745949715 0.3834661725462719 0.2656189893908422 0
-0.31211252203401774 0.3799910724679359 0.30036999017420274 0
-0.269849391074718 0.37775992087501636 0.34415880573058727 0
-0.22652128785130388 0.37699111843077515 0.3926990816987242 0
-0.1822992085924756 0.37775992087501636 0.4412393576668611 0
-0.13735767764191906 0.3799910724679359 0.48502817322324565 0
-0.09187405869046364 0.3834661725462719 0.5197791740066062 0
-0.04602785480262184 0.3878450541019106 0.5420906899358022 0
-7.181703923228015e-16 0.3926990816987241 0.5497787143782138 0
0.0460278548026204 0.3975531092955378 0.5420906899358021 0
0.09187405869046221 0.4019319908511766 0.5197791740066044 0
0.1373576776419176 0.40540709092951227 0.48502817322324693 0
0.1822992085924742 0.4076382425224319 0.4412393576668605 0
0.22652128785130252 0.4084070449666731 0.39269908169872575 0
0.26984939107471667 0.4076382425224319 0.3441588057305866 0
0.31211252203401646 0.4054070909295122 0.30036999017420035 0
0.3531438874594959 0.4019319908511763 0.26561898939084183 0
0.3927815552972683 0.39755310929553783 0.24330747346164652 0
0.430869093781106 0.39269908169872436 0.23561944901923448 0
0.46725618879715436 0.38784505410191045 0.24330747346164636 0
0.5017992371050696 0.383466172546272 0.2656189893908415 0
0.534361913074392 0.37999107246793595 0.3003699901742018 0
0.5648157066995482 0.3777599208750164 0.3441588057305862 0
0.5930404307701125 0.37699111843077515 0.3926990816987253 0
0.6189246951948283 0.3777599208750163 0.44123935766686007 0
0.6423663466074081 0.37999107246793606 0.48502817322324837 0
0.6632728715191957 0.38346617254627186 0.5197791740066054 0
0.6815617614276482 0.38784505410191067 0.5420906899358027 0
0.6971608384396962 0.3926990816987242 0.5497787143782138 0
0.7100085401249132 0.39755310929553767 0.5420906899358024 0
0.7200541624743046 0.4019319908511765 0.5197791740066051 0
0.7272580600058658 0.4054070909295122 0.48502817322324787 0
0.7315918022271866 0.40763824252243197 0.44123935766685946 0
0.7330382858376184 0.4084070449666731 0.3926990816987247 0
0.7315918022271867 0.40763824252243197 0.3441588057305898 0
0.727258060005866 0.40540709092951227 0.3003699901742013 0
0.7200541624743049 0.4019319908511766 0.26561898939084383 0
0.7100085401249137 0.3975531092955378 0.2433074734616462 0
0.6971608384396966 0.3926990816987238 0.23561944901923448 0
0.6815617614276488 0.3878450541019104 0.24330747346164672 0
0.6632728715191963 0.3834661725462719 0.26561898939084216 0
0.6423663466074089 0.3799910724679362 0.3003699901741991 0
0.6189246951948291 0.37775992087501636 0.3441588057305872 0
0.5930404307701134 0.37699111843077515 0.39269908169872636 0
0.5648157066995492 0.37775992087501636 0.44123935766686107 0
0.5343619130743947 0.3799910724679362 0.4850281732232492 0
0.5017992371050706 0.3834661725462716 0.5197791740066035 0
0.4672561887971556 0.3878450541019104 0.5420906899358016 0
0.4308690937811072 0.39269908169872425 0.5497787143782138 0
0.3927815552972696 0.3975531092955378 0.5420906899358021 0
0.3531438874594972 0.4019319908511766 0.5197791740066044 0
0.31211252203401785 0.40540709092951227 0.485028173223247 0
0.26984939107471567 0.40763824252243186 0.4412393576668627 0
0.22652128785130396 0.4084070449666731 0.3926990816987236 0
0.18229920859247567 0.40763824252243197 0.3441588057305888 0
0.13735767764191914 0.4054070909295122 0.3003699901742004 0
0.09187405869046372 0.40193199085117615 0.2656189893908405 0
0.04602785480262452 0.39755310929553805 0.24330747346164722 0
8.079416913631518e-16 0.3926990816987242 0.23561944901923448 0
-0.04602785480262031 0.38784505410191067 0.24330747346164566 0
-0.09187405869046214 0.38346617254627186 0.26561898939084283 0
-0.13735767764191753 0.37999107246793584 0.3003699901742035 0
-0.1822992085924741 0.3777599208750163 0.3441588057305882 0
-0.2265212878513049 0.37699111843077515 0.392699081698723 0
-0.2698493910747166 0.3777599208750164 0.44123935766686206 0
-0.31211252203401635 0.37999107246793595 0.4850281732232465 0
-0.35314388745949576 0.383466172546272 0.5197791740066068 0
-0.3927815552972682 0.38784505410191045 0.5420906899358019 0
-0.43086909378110594 0.3926990816987239 0.5497787143782138 0
-0.46725618879715436 0.39755310929553783 0.5420906899358018 0
-0.5017992371050676 0.4019319908511763 0.5197791740066064 0
-0.534361913074392 0.4054070909295123 0.4850281732232461 0
-0.5648157066995481 0.4076382425224319 0.4412393576668617 0
-0.5930404307701124 0.4084070449666731 0.39269908169872253 0
-0.6189246951948296 0.4076382425224319 0.34415880573058777 0
-0.6423663466074081 0.40540709092951244 0.3003699901742032 0
-0.6632728715191957 0.4019319908511764 0.2656189893908425 0
-0.6815617614276482 0.39755310929553755 0.2433074734616455 0
-0.6971608384396961 0.3926990816987241 0.23561944901923448 0
-0.7100085401249132 0.38784505410191017 0.24330747346164736 0
-0.7200541624743051 0.38346617254627213 0.26561898939084083 0
-0.7272580600058655 0.379991072467936 0.3003699901742008 0
-0.7315918022271864 0.3777599208750163 0.34415880573058927 0
-0.7330382858376184 0.37699111843077515 0.3926990816987241 0
-0.7315918022271867 0.3777599208750164 0.4412393576668631 0
-0.7272580600058657 0.37999107246793573 0.48502817322324376 0
-0.7200541624743049 0.38346617254627174 0.5197791740066048 0
-0.7100085401249137 0.38784505410191056 0.5420906899358022 0
-0.6971608384396967 0.39269908169872403 0.5497787143782138 0
-0.6815617614276489 0.39755310929553794 0.5420906899358015 0
-0.6632728715191964 0.40193199085117676 0.5197791740066032 0
-0.6423663466074077 0.40540709092951216 0.48502817322324887 0
-0.6189246951948291 0.4076382425224319 0.4412393576668606 0
-0.5930404307701149 0.4084070449666731 0.3926990816987259 0
-0.5648157066995508 0.4076382425224319 0.34415880573058677 0
-0.5343619130743948 0.4054070909295121 0.3003699901741987 0
-0.5017992371050688 0.4019319908511763 0.2656189893908419 0
-0.4672561887971557 0.3975531092955379 0.24330747346164655 0
-0.4308690937811073 0.3926990816987244 0.23561944901923448 0
-0.3927815552972697 0.3878450541019105 0.24330747346164633 0
-0.3531438874594973 0.3834661725462717 0.26561898939084405 0
-0.31211252203401557 0.37999107246793595 0.3003699901742017 0
-0.2698493910747157 0.3777599208750164 0.34415880573058605 0
-0.22652128785130404 0.37699111843077515 0.39269908169872514 0
-0.18229920859247575 0.3777599208750163 0.4412393576668599 0
-0.13735767764192178 0.37999107246793606 0.4850281732232482 0
-0.0918740586904664 0.3834661725462718 0.5197791740066053 0
-0.04602785480262202 0.38784505410191067 0.5420906899358026 0
-8.97712990403502e-16 0.39269908169872414 0.5497787143782138 0
0.04602785480262022 0.3975531092955376 0.5420906899358024 0
0.09187405869046203 0.4019319908511765 0.5197791740066052 0
0.13735767764191747 0.4054070909295122 0.485028173223248 0
0.18229920859247653 0.40763824252243197 0.4412393576668596 0
0.22652128785130482 0.4084070449666731 0.39269908169872036 0
0.2698493910747165 0.407638242522432 0.34415880573059 0
0.3121125220340163 0.40540709092951227 0.3003699901742014 0
0.3531438874594957 0.40193199085117626 0.2656189893908413 0
0.39278155529726594 0.3975531092955378 0.24330747346164622 0
0.430869093781108 0.39269908169872386 0.23561944901923448 0
0.4672561887971543 0.3878450541019108 0.24330747346164527 0
0.5017992371050694 0.3834661725462719 0.26561898939084205 0
0.5343619130743918 0.3799910724679359 0.3003699901742025 0
0.5648157066995497 0.37775992087501636 0.34415880573058705 0
0.5930404307701124 0.37699111843077515 0.3926990816987262 0
0.6189246951948296 0.37775992087501636 0.4412393576668609 0
0.6423663466074068 0.3799910724679359 0.4850281732232455 0
0.6632728715191956 0.3834661725462719 0.519779174006606 0
0.6815617614276472 0.38784505410191034 0.5420906899358016 0
0.6971608384396961 0.39269908169872425 0.5497787143782138 0
0.7100085401249139 0.39755310929553817 0.5420906899358008 0
0.7200541624743045 0.4019319908511762 0.5197791740066072 0
0.7272580600058658 0.40540709092951227 0.4850281732232471 0
0.7315918022271863 0.40763824252243186 0.44123935766686284 0
0.7330382858376184 0.4084070449666731 0.39269908169872375 0
0.7315918022271867 0.4076382425224318 0.3441588057305847 0
0.7272580600058663 0.4054070909295122 0.3003699901742005 0
0.7200541624743054 0.4019319908511765 0.2656189893908433 0
0.7100085401249137 0.3975531092955381 0.24330747346164727 0
0.6971608384396959 0.3926990816987242 0.23561944901923448 0
0.6815617614276489 0.3878450541019103 0.243307473461647 0
0.6632728715191953 0.38346617254627186 0.2656189893908427 0
0.6423663466074089 0.37999107246793584 0.3003699901742034 0
0.6189246951948292 0.37775992087501636 0.3441588057305881 0
0.5930404307701149 0.37699111843077515 0.3926990816987228 0
0.5648157066995492 0.3777599208750164 0.44123935766686195 0
0.534361913074395 0.37999107246793595 0.4850281732232464 0
0.5017992371050689 0.383466172546272 0.5197791740066067 0
0.4672561887971577 0.38784505410191045 0.5420906899358019 0
0.4308690937811074 0.3926990816987239 0.5497787143782138 0
0.3927815552972675 0.39755310929553783 0.5420906899358018 0
0.3531438874594973 0.4019319908511763 0.5197791740066066 0
0.3121125220340156 0.4054070909295123 0.48502817322324626 0
0.2698493910747183 0.407638242522432 0.44123935766685757 0
0.22652128785130413 0.4084070449666731 0.39269908169872714 0
0.18229920859247836 0.4076382425224319 0.34415880573058794 0
0.1373576776419193 0.40540709092951216 0.30036999017419963 0
0.09187405869046648 0.4019319908511764 0.2656189893908426 0
0.0460278548026221 0.39755310929553755 0.24330747346164555 0
3.5917594346236304e-15 0.3926990816987241 0.23561944901923448 0
-0.04602785480262014 0.3878450541019106 0.24330747346164594 0
-0.09187405869046454 0.38346617254627174 0.26561898939084333 0
-0.13735767764191736 0.37999107246793606 0.3003699901742007 0
-0.18229920859247645 0.3777599208750163 0.3441588057305891 0
-0.22652128785130227 0.37699111843077515 0.3926990816987239 0
-0.26984939107471645 0.3777599208750163 0.44123935766685873 0
-0.31211252203401385 0.379991072467936 0.4850281732232472 0
-0.3531438874594956 0.38346617254627174 0.5197791740066047 0
-0.3927815552972659 0.38784505410191056 0.5420906899358022 0
-0.43086909378110577 0.3926990816987245 0.5497787143782138 0
-0.4672561887971522 0.39755310929553794 0.5420906899358015 0
-0.5017992371050712 0.40193199085117637 0.519779174006606 0
-0.5343619130743936 0.40540709092951216 0.485028173223249 0
-0.564815706699548 0.4076382425224319 0.4412393576668608 0
-0.5930404307701138 0.4084070449666731 0.3926990816987216 0
-0.6189246951948282 0.4076382425224319 0.34415880573058694 0
-0.642366346607408 0.4054070909295121 0.3003699901741988 0
-0.6632728715191945 0.4019319908511767 0.2656189893908446 0
-0.6815617614276481 0.3975531092955379 0.2433074734616466 0
-0.6971608384396953 0.392699081698724 0.23561944901923448 0
-0.7100085401249132 0.3878450541019105 0.24330747346164627 0
-0.7200541624743051 0.3834661725462717 0.26561898939084394 0
-0.7272580600058661 0.37999107246793595 0.3003699901742015 0
-0.7315918022271866 0.3777599208750164 0.3441588057305859 0
-0.7330382858376184 0.37699111843077515 0.39269908169872497 0
-0.7315918022271866 0.3777599208750163 0.44123935766685973 0
-0.727258060005866 0.37999107246793606 0.4850281732232481 0
-0.720054162474305 0.3834661725462722 0.519779174006608 0
-0.7100085401249144 0.3878450541019102 0.5420906899358011 0
-0.6971608384396967 0.39269908169872414 0.5497787143782138 0
-0.6815617614276499 0.3975531092955376 0.5420906899358026 0
-0.6632728715191964 0.4019319908511765 0.5197791740066053 0
-0.6423663466074077 0.4054070909295125 0.4850281732232445 0
-0.6189246951948278 0.4076382425224318 0.441239357666864 0
-0.5930404307701135 0.4084070449666731 0.39269908169872497 0
-0.5648157066995476 0.40763824252243186 0.3441588057305859 0
-0.5343619130743932 0.4054070909295123 0.3003699901742015 0
-0.5017992371050709 0.40193199085117626 0.26561898939084133 0
-0.46725618879715575 0.3975531092955378 0.24330747346164627 0
-0.4308690937811095 0.3926990816987243 0.23561944901923448 0
-0.39278155529726977 0.3878450541019104 0.2433074734616466 0
-0.3531438874594997 0.38346617254627197 0.26561898939084194 0
-0.31211252203401807 0.3799910724679359 0.3003699901742024 0
-0.2698493910747159 0.37775992087501636 0.34415880573058694 0
-0.22652128785130174 0.37699111843077515 0.3926990816987261 0
-0.18229920859247592 0.37775992087501636 0.4412393576668608 0
-0.13735767764191684 0.3799910724679359 0.4850281732232454 0
-0.091874058690464 0.3834661725462719 0.519779174006606 0
-0.0460278548026248 0.3878450541019108 0.5420906899358029 0
-1.0772555884842023e-15 0.39269908169872425 0.5497787143782138 0
0.046027854802617445 0.3975531092955377 0.5420906899358022 0
0.09187405869046185 0.4019319908511762 0.5197791740066073 0
0.13735767764191473 0.40540709092951227 0.4850281732232472 0
0.18229920859247384 0.40763824252243197 0.44123935766685873 0
0.22652128785130465 0.4084070449666731 0.3926990816987239 0
0.2698493910747188 0.40763824252243186 0.3441588057305849 0
0.3121125220340161 0.4054070909295125 0.3003699901742043 0
0.3531438874594978 0.40193199085117653 0.26561898939084333 0
0.392781555297268 0.39755310929553767 0.24330747346164594 0
0.4308690937811078 0.3926990816987242 0.23561944901923448 0
0.46725618879715414 0.3878450541019103 0.24330747346164694 0
0.5017992371050655 0.3834661725462715 0.2656189893908452 0
0.5343619130743917 0.3799910724679361 0.30036999017419963 0
0.5648157066995463 0.37775992087501636 0.34415880573058794 0
0.5930404307701123 0.37699111843077515 0.3926990816987227 0
0.6189246951948295 0.3777599208750164 0.4412393576668618 0
0.6423663466074092 0.3799910724679362 0.48502817322324987 0
0.6632728715191955 0.38346617254627163 0.519779174006604 0
0.681561761427649 0.38784505410191045 0.5420906899358018 0
0.697160838439696 0.3926990816987239 0.5497787143782138 0
0.7100085401249138 0.39755310929553783 0.5420906899358019 0
0.7200541624743045 0.40193199085117665 0.519779174006604 0
0.7272580600058651 0.4054070909295123 0.4850281732232464 0
0.7315918022271863 0.40763824252243186 0.44123935766686195 0
0.7330382858376184 0.4084070449666731 0.3926990816987228 0
0.7315918022271867 0.4076382425224319 0.3441588057305881 0
0.7272580600058657 0.40540709092951216 0.3003699901741998 0
0.7200541624743044 0.4019319908511764 0.2656189893908427 0
0.7100085401249138 0.39755310929553755 0.2433074734616456 0
0.697160838439696 0.3926990816987241 0.23561944901923448 0
0.6815617614276489 0.3878450541019106 0.24330747346164588 0
0.6632728715191955 0.3834661725462718 0.2656189893908433 0
0.642366346607409 0.37999107246793606 0.3003699901742006 0
0.6189246951948322 0.3777599208750163 0.344158805730589 0
0.5930404307701151 0.37699111843077515 0.39269908169872375 0
0.5648157066995526 0.3777599208750163 0.44123935766685857 0
0.5343619130743951 0.379991072467936 0.4850281732232471 0
0.501799237105069 0.3834661725462721 0.5197791740066072 0
0.4672561887971539 0.38784505410191056 0.5420906899358021 0
0.43086909378110755 0.3926990816987245 0.5497787143782138 0
0.39278155529726766 0.3975531092955375 0.5420906899358029 0
0.3531438874594975 0.40193199085117637 0.519779174006606 0
0.3121125220340158 0.4054070909295124 0.4850281732232455 0
0.26984939107471845 0.4076382425224319 0.4412393576668609 0
0.2265212878513043 0.4084070449666731 0.39269908169872175 0
0.18229920859247853 0.407638242522432 0.3441588057305913 0
0.1373576776419246 0.4054070909295124 0.3003699901742025 0
0.09187405869046668 0.40193199085117637 0.26561898939084205 0
0.04602785480262229 0.3975531092955379 0.24330747346164666 0
-1.4372482576552259e-15 0.392699081698724 0.23561944901923448 0
-0.04602785480261996 0.3878450541019101 0.2433074734616476 0
-0.09187405869046435 0.383466172546272 0.2656189893908413 0
-0.1373576776419172 0.379991072467936 0.3003699901742014 0
-0.18229920859247628 0.3777599208750164 0.34415880573058577 0
-0.2265212878513021 0.37699111843077515 0.3926990816987248 0
-0.2698493910747163 0.3777599208750165 0.44123935766686384 0
-0.3121125220340137 0.37999107246793606 0.485028173223248 0
-0.3531438874594909 0.3834661725462718 0.5197791740066052 0
-0.3927815552972657 0.3878450541019102 0.5420906899358011 0
-0.4308690937811056 0.39269908169872414 0.5497787143782138 0
-0.4672561887971561 0.39755310929553805 0.5420906899358012 0
-0.5017992371050672 0.4019319908511765 0.5197791740066053 0
-0.5343619130743935 0.4054070909295122 0.4850281732232482 0
-0.5648157066995478 0.40763824252243197 0.4412393576668599 0
-0.5930404307701137 0.4084070449666731 0.39269908169872514 0
-0.6189246951948281 0.40763824252243186 0.34415880573058605 0
-0.642366346607408 0.4054070909295123 0.3003699901742017 0
-0.6632728715191943 0.40193199085117626 0.26561898939084144 0
-0.681561761427648 0.3975531092955378 0.24330747346164633 0
-0.6971608384396969 0.3926990816987243 0.23561944901923448 0
-0.7100085401249132 0.3878450541019104 0.24330747346164655 0
-0.7200541624743051 0.38346617254627197 0.2656189893908419 0
-0.7272580600058655 0.3799910724679359 0.3003699901742023 0
-0.7315918022271866 0.37775992087501625 0.34415880573059104 0
-0.7330382858376184 0.37699111843077515 0.3926990816987214 0
-0.7315918022271866 0.37775992087501636 0.4412393576668606 0
-0.727258060005866 0.3799910724679361 0.48502817322324887 0
-0.720054162474305 0.3834661725462719 0.5197791740066058 0
-0.7100085401249144 0.3878450541019107 0.5420906899358028 0
-0.6971608384396968 0.3926990816987238 0.5497787143782138 0
-0.681561761427648 0.3975531092955377 0.5420906899358022 0
-0.6632728715191942 0.40193199085117653 0.5197791740066048 0
-0.6423663466074078 0.40540709092951227 0.48502817322324737 0
-0.6189246951948307 0.40763824252243197 0.44123935766685884 0
-0.5930404307701136 0.4084070449666731 0.3926990816987241 0
-0.5648157066995511 0.40763824252243197 0.34415880573058927 0
-0.5343619130743934 0.40540709092951227 0.3003699901742008 0
-0.5017992371050709 0.40193199085117653 0.26561898939084344 0
-0.4672561887971559 0.39755310929553767 0.243307473461646 0
-0.43086909378110966 0.39269908169872375 0.23561944901923448 0
-0.39278155529726994 0.3878450541019103 0.24330747346164688 0
-0.3531438874594953 0.38346617254627186 0.2656189893908425 0
-0.3121125220340135 0.3799910724679361 0.3003699901741995 0
-0.2698493910747161 0.37775992087501636 0.34415880573058777 0
-0.22652128785130685 0.37699111843077515 0.39269908169872697 0
-0.18229920859247611 0.37775992087501636 0.4412393576668617 0
-0.13735767764192214 0.37999107246793595 0.4850281732232461 0
-0.09187405869046417 0.38346617254627163 0.5197791740066039 0
-0.04602785480262497 0.38784505410191045 0.5420906899358018 0
-1.2567981865649028e-15 0.39269908169872436 0.5497787143782138 0
0.04602785480261727 0.39755310929553783 0.5420906899358019 0
0.09187405869046168 0.40193199085117665 0.5197791740066041 0
0.13735767764191967 0.4054070909295123 0.4850281732232465 0
0.18229920859247872 0.40763824252243186 0.44123935766686206 0
0.22652128785130446 0.4084070449666731 0.392699081698723 0
0.26984939107471373 0.40763824252243197 0.3441588057305882 0
0.31211252203401596 0.4054070909295122 0.3003699901741999 0
0.3531438874594931 0.4019319908511761 0.26561898939084017 0
0.3927815552972678 0.397553109295538 0.24330747346164702 0
0.43086909378110344 0.3926990816987241 0.23561944901923448 0
0.46725618879715397 0.3878450541019106 0.24330747346164583 0
0.5017992371050654 0.3834661725462718 0.26561898939084316 0
0.5343619130743916 0.3799910724679358 0.300369990174204 0
0.5648157066995495 0.3777599208750165 0.34415880573058455 0
0.5930404307701153 0.37699111843077515 0.3926990816987236 0
0.6189246951948294 0.3777599208750164 0.4412393576668627 0
0.6423663466074091 0.379991072467936 0.485028173223247 0
0.6632728715191955 0.3834661725462721 0.5197791740066071 0
0.6815617614276471 0.3878450541019105 0.5420906899358021 0
0.697160838439696 0.39269908169872403 0.5497787143782138 0
0.7100085401249125 0.3975531092955379 0.5420906899358016 0
0.7200541624743044 0.40193199085117637 0.5197791740066061 0
0.727258060005865 0.4054070909295124 0.4850281732232456 0
0.7315918022271863 0.4076382425224319 0.44123935766686107 0
0.7330382858376184 0.4084070449666731 0.3926990816987219 0
0.7315918022271863 0.4076382425224319 0.3441588057305872 0
0.7272580600058657 0.4054070909295124 0.3003699901742027 0
0.7200541624743044 0.40193199085117637 0.26561898939084216 0
0.7100085401249138 0.3975531092955375 0.2433074734616453 0
0.6971608384396976 0.39269908169872403 0.23561944901923448 0
0.681561761427649 0.3878450541019105 0.2433074734616462 0
0.6632728715191977 0.3834661725462721 0.26561898939084116 0
0.6423663466074091 0.379991072467936 0.3003699901742013 0
0.6189246951948322 0.3777599208750163 0.3441588057305899 0
0.5930404307701153 0.37699111843077515 0.3926990816987247 0
0.5648157066995495 0.3777599208750165 0.44123935766686373 0
0.5343619130743916 0.3799910724679358 0.48502817322324426 0
0.5017992371050691 0.3834661725462718 0.5197791740066051 0
0.46725618879715397 0.3878450541019106 0.5420906899358024 0
0.43086909378110766 0.3926990816987241 0.5497787143782138 0
0.3927815552972678 0.397553109295538 0.5420906899358012 0
0.35314388745949765 0.4019319908511768 0.5197791740066029 0
0.3121125220340207 0.4054070909295122 0.48502817322324837 0
0.2698493910747186 0.40763824252243197 0.44123935766686007 0
0.22652128785130943 0.4084070449666731 0.3926990816987253 0
0.18229920859247872 0.40763824252243186 0.3441588057305862 0
0.13735767764191967 0.40540709092951205 0.3003699901741982 0
0.09187405869046168 0.40193199085117665 0.26561898939084416 0
0.04602785480262247 0.39755310929553783 0.24330747346164636 0
-1.2577056595745256e-15 0.39269908169872436 0.23561944901923448 0
-0.04602785480261977 0.38784505410191045 0.24330747346164652 0
-0.09187405869046417 0.38346617254627163 0.2656189893908444 0
-0.137357677641917 0.37999107246793595 0.3003699901742022 0
-0.18229920859247106 0.37775992087501636 0.3441588057305866 0
-0.2265212878513019 0.37699111843077515 0.39269908169872575 0
-0.26984939107471123 0.37775992087501636 0.4412393576668605 0
-0.3121125220340135 0.3799910724679361 0.48502817322324876 0
-0.3531438874594953 0.38346617254627186 0.5197791740066058 0
-0.39278155529726994 0.3878450541019103 0.5420906899358013 0
-0.43086909378110544 0.3926990816987242 0.5497787143782138 0
-0.4672561887971559 0.39755310929553767 0.5420906899358022 0
-0.5017992371050672 0.40193199085117653 0.5197791740066049 0
-0.5343619130743934 0.40540709092951227 0.4850281732232475 0
-0.5648157066995477 0.40763824252243197 0.441239357666859 0
-0.5930404307701136 0.4084070449666731 0.3926990816987242 0
-0.618924695194828 0.40763824252243197 0.34415880573058943 0
-0.6423663466074053 0.40540709092951227 0.3003699901742009 0
-0.6632728715191942 0.40193199085117653 0.2656189893908435 0
-0.681561761427648 0.3975531092955377 0.24330747346164602 0
-0.6971608384396968 0.3926990816987238 0.23561944901923448 0
-0.7100085401249131 0.3878450541019107 0.24330747346164547 0
-0.720054162474305 0.3834661725462719 0.26561898939084244 0
-0.7272580600058653 0.37999107246793584 0.300369990174203 0
-0.7315918022271866 0.37775992087501636 0.34415880573058766 0
-0.7330382858376184 0.37699111843077515 0.39269908169872686 0
-0.7315918022271866 0.37775992087501625 0.44123935766685723 0
-0.7272580600058661 0.3799910724679359 0.485028173223246 0
-0.720054162474306 0.38346617254627197 0.5197791740066064 0
-0.7100085401249132 0.3878450541019104 0.5420906899358018 0
-0.6971608384396969 0.3926990816987243 0.5497787143782138 0
-0.681561761427648 0.3975531092955378 0.542090689935802 0
-0.6632728715191967 0.40193199085117626 0.5197791740066069 0
-0.642366346607408 0.4054070909295123 0.4850281732232466 0
-0.6189246951948308 0.40763824252243186 0.44123935766686223 0
-0.5930404307701137 0.4084070449666731 0.39269908169872314 0
-0.5648157066995512 0.4076382425224318 0.34415880573058416 0
-0.5343619130743935 0.4054070909295122 0.3003699901742001 0
-0.5017992371050711 0.4019319908511765 0.2656189893908429 0
-0.4672561887971561 0.39755310929553805 0.24330747346164708 0
-0.4308690937811056 0.39269908169872414 0.23561944901923448 0
-0.3927815552972701 0.3878450541019102 0.24330747346164716 0
-0.3531438874594955 0.3834661725462718 0.26561898939084305 0
-0.3121125220340184 0.37999107246793606 0.3003699901742003 0
-0.2698493910747163 0.3777599208750165 0.34415880573058444 0
-0.226521287851307 0.37699111843077515 0.3926990816987235 0
-0.18229920859247628 0.3777599208750164 0.4412393576668625 0
-0.1373576776419223 0.379991072467936 0.4850281732232469 0
-0.09187405869046435 0.383466172546272 0.519779174006607 0
-0.046027854802625154 0.3878450541019105 0.542090689935802 0
-1.436340784645603e-15 0.392699081698724 0.5497787143782138 0
0.04602785480262229 0.3975531092955379 0.5420906899358016 0
0.0918740586904615 0.40193199085117637 0.5197791740066062 0
0.1373576776419195 0.4054070909295124 0.48502817322324576 0
0.18229920859247348 0.407638242522432 0.44123935766685696 0
0.2265212878513043 0.4084070449666731 0.3926990816987265 0
0.2698493910747136 0.4076382425224319 0.3441588057305874 0
0.3121125220340158 0.4054070909295124 0.3003699901742028 0
0.35314388745949293 0.40193199085117637 0.2656189893908423 0
0.39278155529726766 0.3975531092955375 0.24330747346164536 0
0.43086909378110333 0.3926990816987245 0.23561944901923448 0
0.4672561887971539 0.38784505410191056 0.24330747346164613 0
0.501799237105069 0.3834661725462717 0.2656189893908437 0
0.5343619130743951 0.379991072467936 0.3003699901742012 0
0.5648157066995493 0.3777599208750163 0.3441588057305897 0
0.593040430770112 0.37699111843077515 0.3926990816987201 0
0.6189246951948293 0.3777599208750165 0.44123935766686356 0
0.6423663466074065 0.37999107246793606 0.48502817322324776 0
0.6632728715191955 0.3834661725462718 0.519779174006605 0
0.681561761427647 0.38784505410191017 0.542090689935801 0
0.697160838439696 0.39269908169872364 0.5497787143782138 0
0.7100085401249124 0.397553109295538 0.5420906899358013 0
0.7200541624743044 0.4019319908511764 0.5197791740066056 0
0.7272580600058657 0.40540709092951216 0.4850281732232485 0
0.7315918022271867 0.4076382425224318 0.44123935766686445 0
0.7330382858376184 0.4084070449666731 0.392699081698721 0
0.7315918022271867 0.40763824252243186 0.3441588057305863 0
0.7272580600058658 0.4054070909295123 0.3003699901742019 0
0.7200541624743055 0.40193199085117665 0.2656189893908443 0
0.7100085401249138 0.3975531092955374 0.24330747346164502 0
0.6971608384396977 0.3926990816987239 0.23561944901923448 0
0.681561761427649 0.38784505410191045 0.24330747346164647 0
0.6632728715191978 0.38346617254627197 0.2656189893908417 0
0.6423663466074092 0.3799910724679362 0.3003699901741984 0
0.6189246951948295 0.37775992087501625 0.3441588057305907 0
0.5930404307701123 0.37699111843077515 0.3926990816987167 0
0.5648157066995496 0.37775992087501636 0.44123935766686034 0
0.5343619130743917 0.37999107246793584 0.485028173223245 0
0.5017992371050692 0.38346617254627224 0.5197791740066082 0
0.46725618879715813 0.3878450541019107 0.5420906899358027 0
0.4308690937811078 0.3926990816987242 0.5497787143782138 0
0.3927815552972724 0.39755310929553767 0.5420906899358023 0
0.3531438874594978 0.40193199085117615 0.5197791740066076 0
0.31211252203402085 0.4054070909295125 0.485028173223244 0
0.2698493910747188 0.40763824252243197 0.4412393576668592 0
0.22652128785130463 0.4084070449666731 0.39269908169872436 0
0.18229920859247384 0.40763824252243197 0.34415880573058955 0
0.13735767764191983 0.40540709092951255 0.3003699901742046 0
0.09187405869046185 0.4019319908511762 0.265618989390841 0
0.04602785480262264 0.3975531092955377 0.24330747346164608 0
4.130387228865732e-15 0.39269908169872425 0.23561944901923448 0
-0.046027854802619596 0.3878450541019108 0.2433074734616454 0
-0.09187405869045884 0.38346617254627224 0.2656189893908397 0
-0.13735767764191684 0.3799910724679359 0.3003699901742029 0
-0.18229920859247087 0.37775992087501636 0.3441588057305875 0
-0.22652128785130174 0.37699111843077515 0.39269908169873113 0
-0.2698493910747159 0.37775992087501625 0.4412393576668571 0
-0.31211252203401807 0.3799910724679362 0.4850281732232495 0
-0.35314388745949515 0.38346617254627197 0.5197791740066063 0
-0.39278155529726977 0.3878450541019104 0.5420906899358017 0
-0.4308690937811054 0.39269908169872475 0.5497787143782138 0
-0.46725618879715575 0.39755310929553733 0.5420906899358033 0
-0.501799237105067 0.4019319908511766 0.5197791740066043 0
-0.5343619130743896 0.4054070909295123 0.48502817322324676 0
-0.5648157066995476 0.40763824252243186 0.4412393576668624 0
-0.5930404307701104 0.4084070449666731 0.3926990816987188 0
-0.6189246951948278 0.4076382425224321 0.34415880573059277 0
-0.6423663466074077 0.4054070909295122 0.3003699901742002 0
-0.6632728715191964 0.4019319908511765 0.26561898939084294 0
-0.681561761427648 0.39755310929553805 0.24330747346164713 0
-0.6971608384396967 0.3926990816987237 0.23561944901923448 0
-0.7100085401249131 0.38784505410191106 0.24330747346164436 0
-0.720054162474305 0.3834661725462718 0.26561898939084294 0
-0.7272580600058653 0.37999107246793606 0.3003699901742002 0
-0.7315918022271862 0.3777599208750162 0.34415880573059277 0
-0.7330382858376184 0.37699111843077515 0.39269908169872775 0
-0.7315918022271868 0.37775992087501614 0.4412393576668539 0
-0.7272580600058655 0.37999107246793595 0.48502817322324676 0
-0.7200541624743051 0.3834661725462717 0.5197791740066043 0
-0.7100085401249132 0.38784505410191095 0.5420906899358033 0
-0.6971608384396969 0.3926990816987244 0.5497787143782138 0
-0.6815617614276481 0.3975531092955379 0.5420906899358017 0
-0.6632728715191967 0.4019319908511763 0.5197791740066063 0
-0.642366346607408 0.4054070909295121 0.4850281732232495 0
-0.618924695194831 0.407638242522432 0.4412393576668571 0
-0.5930404307701138 0.4084070449666731 0.3926990816987222 0
-0.5648157066995513 0.4076382425224319 0.3441588057305875 0
-0.5343619130743972 0.4054070909295124 0.3003699901742029 0
-0.5017992371050675 0.40193199085117676 0.26561898939084494 0
-0.4672561887971562 0.3975531092955375 0.2433074734616454 0
-0.43086909378110577 0.39269908169872403 0.23561944901923448 0
-0.39278155529727027 0.3878450541019097 0.24330747346164883 0
-0.3531438874594956 0.3834661725462721 0.265618989390841 0
-0.31211252203401857 0.3799910724679363 0.3003699901741974 0
-0.26984939107471645 0.3777599208750163 0.34415880573058955 0
-0.22652128785130718 0.37699111843077515 0.39269908169872436 0
-0.18229920859247645 0.3777599208750166 0.44123935766686767 0
-0.1373576776419225 0.3799910724679358 0.485028173223244 0
-0.0918740586904697 0.3834661725462714 0.5197791740066023 0
-0.04602785480262013 0.3878450541019106 0.5420906899358023 0
-1.6158833827263036e-15 0.3926990816987241 0.5497787143782138 0
0.0460278548026221 0.3975531092955384 0.5420906899358 0
0.09187405869046132 0.40193199085117604 0.5197791740066082 0
0.1373576776419193 0.4054070909295119 0.4850281732232522 0
0.1822992085924733 0.4076382425224319 0.44123935766686034 0
0.22652128785130413 0.4084070449666731 0.3926990816987256 0
0.26984939107471345 0.40763824252243175 0.3441588057305822 0
0.3121125220340156 0.4054070909295121 0.3003699901741984 0
0.35314388745949277 0.4019319908511763 0.2656189893908417 0
0.3927815552972631 0.39755310929553783 0.24330747346164647 0
0.4308690937811074 0.39269908169872436 0.23561944901923448 0
0.46725618879715375 0.38784505410191 0.24330747346164777 0
0.5017992371050689 0.38346617254627163 0.2656189893908443 0
0.5343619130743913 0.37999107246793595 0.3003699901742019 0
0.5648157066995492 0.3777599208750164 0.3441588057305863 0
0.5930404307701119 0.37699111843077515 0.392699081698721 0
0.6189246951948292 0.3777599208750165 0.44123935766686445 0
0.6423663466074064 0.3799910724679361 0.4850281732232485 0
0.6632728715191953 0.38346617254627186 0.5197791740066056 0
0.6815617614276469 0.3878450541019103 0.5420906899358013 0
0.6971608384396959 0.39269908169872375 0.5497787143782138 0
0.7100085401249137 0.3975531092955381 0.542090689935801 0
0.7200541624743044 0.4019319908511765 0.519779174006605 0
0.7272580600058657 0.4054070909295122 0.4850281732232477 0
0.7315918022271863 0.4076382425224318 0.44123935766686356 0
0.7330382858376184 0.4084070449666731 0.39269908169872003 0
0.7315918022271868 0.40763824252243186 0.34415880573058544 0
0.7272580600058658 0.40540709092951227 0.3003699901742012 0
0.7200541624743055 0.4019319908511766 0.2656189893908437 0
0.7100085401249139 0.39755310929553817 0.2433074734616475 0
0.6971608384396978 0.3926990816987238 0.23561944901923448 0
0.6815617614276491 0.38784505410191034 0.24330747346164674 0
0.6632728715191956 0.3834661725462719 0.2656189893908423 0
0.6423663466074068 0.3799910724679356 0.3003699901742064 0
0.6189246951948296 0.3777599208750165 0.3441588057305831 0
0.5930404307701154 0.37699111843077515 0.3926990816987265 0
0.5648157066995497 0.37775992087501636 0.44123935766686123 0
0.5343619130743954 0.3799910724679359 0.48502817322324576 0
0.5017992371050694 0.3834661725462723 0.5197791740066089 0
0.4672561887971583 0.38784505410190995 0.5420906899358002 0
0.430869093781108 0.3926990816987243 0.5497787143782138 0
0.39278155529727254 0.3975531092955378 0.542090689935802 0
0.353143887459498 0.401931990851177 0.5197791740066018 0
0.3121125220340163 0.40540709092951255 0.4850281732232432 0
0.26984939107471406 0.40763824252243175 0.4412393576668668 0
0.22652128785130482 0.4084070449666731 0.3926990816987235 0
0.18229920859247906 0.40763824252243197 0.34415880573058866 0
0.13735767764192 0.40540709092951194 0.3003699901741967 0
0.0918740586904672 0.40193199085117615 0.26561898939084044 0
0.04602785480262282 0.3975531092955385 0.24330747346164855 0
4.3099298269464325e-15 0.39269908169872414 0.23561944901923448 0
-0.046027854802619415 0.38784505410191067 0.2433074734616457 0
-0.09187405869045866 0.38346617254627147 0.2656189893908455 0
-0.13735767764191667 0.37999107246793584 0.3003699901742036 0
-0.18229920859247575 0.3777599208750166 0.3441588057305799 0
-0.22652128785130654 0.37699111843077515 0.39269908169872314 0
-0.2698493910747157 0.37775992087501625 0.441239357666858 0
-0.3121125220340179 0.37999107246793623 0.4850281732232502 0
-0.353143887459495 0.383466172546272 0.5197791740066069 0
-0.3927815552972652 0.38784505410191134 0.5420906899358047 0
-0.4308690937811052 0.392699081698724 0.5497787143782138 0
-0.46725618879715164 0.39755310929553744 0.5420906899358031 0
-0.5017992371050669 0.4019319908511767 0.5197791740066038 0
-0.5343619130743895 0.4054070909295124 0.485028173223246 0
-0.5648157066995475 0.4076382425224322 0.441239357666853 0
-0.5930404307701135 0.4084070449666731 0.39269908169872686 0
-0.6189246951948306 0.4076382425224321 0.3441588057305919 0
-0.6423663466074077 0.40540709092951216 0.3003699901741994 0
-0.6632728715191964 0.40193199085117637 0.26561898939084244 0
-0.6815617614276479 0.3975531092955371 0.24330747346164408 0
-0.697160838439695 0.3926990816987245 0.23561944901923448 0
-0.710008540124913 0.387845054101911 0.24330747346164464 0
-0.7200541624743039 0.38346617254627174 0.2656189893908435 0
-0.7272580600058653 0.379991072467936 0.3003699901742009 0
-0.7315918022271862 0.37775992087501614 0.34415880573059365 0
-0.7330382858376184 0.37699111843077515 0.39269908169871975 0
-0.7315918022271866 0.3777599208750164 0.4412393576668633 0
-0.7272580600058655 0.379991072467936 0.4850281732232475 0
-0.7200541624743051 0.38346617254627174 0.5197791740066049 0
-0.7100085401249132 0.387845054101911 0.5420906899358037 0
-0.6971608384396969 0.39269908169872364 0.5497787143782138 0
-0.6815617614276501 0.397553109295538 0.5420906899358013 0
-0.6632728715191968 0.4019319908511764 0.5197791740066058 0
-0.6423663466074105 0.40540709092951216 0.4850281732232487 0
-0.6189246951948311 0.4076382425224321 0.44123935766685624 0
-0.593040430770117 0.4084070449666731 0.3926990816987213 0
-0.5648157066995481 0.4076382425224319 0.3441588057305866 0
-0.5343619130743937 0.4054070909295123 0.3003699901742022 0
-0.5017992371050676 0.40193199085117665 0.2656189893908444 0
-0.46725618879715636 0.39755310929553744 0.2433074734616451 0
-0.43086909378110594 0.3926990816987239 0.23561944901923448 0
-0.39278155529727043 0.38784505410191045 0.24330747346164636 0
-0.35314388745949576 0.383466172546272 0.2656189893908415 0
-0.31211252203401874 0.3799910724679357 0.3003699901742054 0
-0.26984939107472145 0.37775992087501625 0.34415880573059043 0
-0.22652128785130737 0.37699111843077515 0.3926990816987253 0
-0.18229920859248167 0.3777599208750163 0.44123935766686007 0
-0.13735767764191753 0.37999107246793584 0.48502817322324476 0
-0.09187405869046472 0.3834661725462722 0.5197791740066081 0
-0.04602785480262031 0.38784505410191067 0.5420906899358027 0
