5.026548245743669 353.53386194060647 625.8412910757789 0.0
2.513274122871834 19.492979550623833 -3.0873846563832075 0.0
2.513274122871835 19.26065612166723 -4.305266721167733 0.0
2.513274122871835 18.95231968235502 -5.506157865093098 0.0
2.5132741228718336 18.569187095748063 -6.685318719449018 0.0
2.5132741228718336 18.112770411128576 -7.838095675051182 0.0
2.5132741228718363 17.584870896634097 -8.959939247908988 0.0
2.5132741228718336 16.987571930473955 -10.046422033962266 0.0
2.5132741228718363 16.32323077878768 -11.093256182021172 0.0
2.513274122871828 15.594469292592272 -12.09631031595615 0.0
2.513274122871839 14.804163560534267 -13.05162583935262 0.0
2.513274122871839 13.955432558281977 -13.955432558281977 0.0
2.513274122871828 13.05162583935271 -14.804163560534267 0.0
2.5132741228718336 12.09631031595606 -15.594469292592272 0.0
2.513274122871839 11.093256182021172 -16.32323077878768 0.0
2.5132741228718336 10.046422033962266 -16.987571930473955 0.0
2.5132741228718336 8.959939247908988 -17.584870896634097 0.0
2.5132741228718336 7.838095675051182 -18.112770411128665 0.0
2.513274122871839 6.685318719449018 -18.569187095747886 0.0
2.5132741228718336 5.506157865093098 -18.952319682355157 0.0
2.5132741228718225 4.305266721167733 -19.260656121667186 0.0
2.5132741228718447 3.0873846563832075 -19.492979550623833 0.0
2.5132741228718336 1.8573180948517454 -19.648373094789395 0.0
2.5132741228718336 0.6199215473279729 -19.72622348683779 0.0
2.5132741228718447 -0.6199215473279729 -19.726223486837657 0.0
2.5132741228718225 -1.8573180948517454 -19.648373094789484 0.0
2.5132741228718336 -3.0873846563832075 -19.49297955062388 0.0
2.5132741228718447 -4.305266721167733 -19.260656121667186 0.0
2.5132741228718225 -5.506157865093009 -18.952319682355068 0.0
2.5132741228718336 -6.685318719449196 -18.569187095748042 0.0
2.5132741228718447 -7.838095675051182 -18.112770411128576 0.0
2.5132741228718336 -8.959939247908899 -17.58487089663405 0.0
2.5132741228718336 -10.046422033962266 -16.987571930473997 0.0
2.5132741228718336 -11.093256182021172 -16.3232307787877 0.0
2.5132741228718336 -12.09631031595606 -15.594469292592272 0.0
2.5132741228718336 -13.05162583935271 -14.804163560534223 0.0
2.5132741228718336 -13.955432558281977 -13.955432558282066 0.0
2.5132741228718336 -14.804163560534178 -13.051625839352576 0.0
2.5132741228718447 -15.594469292592272 -12.096310315956194 0.0
2.5132741228718114 -16.323230778787767 -11.093256182021083 0.0
2.513274122871856 -16.987571930473955 -10.046422033962266 0.0
2.5132741228718336 -17.58487089663401 -8.959939247908943 0.0
2.5132741228718114 -18.112770411128754 -7.8380956750512265 0.0
2.513274122871856 -18.569187095747886 -6.685318719449063 0.0
2.5132741228718336 -18.95231968235511 -5.506157865093053 0.0
2.5132741228718336 -19.26065612166723 -4.3052667211677775 0.0
2.5132741228718336 -19.492979550623744 -3.0873846563831187 0.0
2.5132741228718336 -19.648373094789484 -1.8573180948518342 0.0
2.5132741228718336 -19.726223486837746 -0.6199215473279729 0.0
2.5132741228718336 -19.72622348683779 0.6199215473279729 0.0
2.513274122871856 -19.648373094789306 1.8573180948517898 0.0
2.5132741228718114 -19.492979550624057 3.0873846563832075 0.0
2.5132741228718336 -19.26065612166705 4.305266721167689 0.0
2.513274122871856 -18.95231968235511 5.506157865093053 0.0
2.5132741228718114 -18.569187095748017 6.685318719449107 0.0
2.5132741228718336 -18.112770411128597 7.838095675051182 0.0
2.513274122871856 -17.58487089663403 8.959939247908943 0.0
2.5132741228718114 -16.987571930474132 10.046422033962354 0.0
2.5132741228718336 -16.32323077878759 11.093256182021038 0.0
2.513274122871856 -15.594469292592272 12.09631031595615 0.0
2.5132741228718114 -14.804163560534311 13.051625839352665 0.0
2.513274122871856 -13.955432558281977 13.955432558281933 0.0
2.5132741228718336 -13.051625839352665 14.804163560534356 0.0
2.5132741228718114 -12.096310315956105 15.59446929259216 0.0
2.513274122871856 -11.093256182020994 16.323230778787543 0.0
2.5132741228718336 -10.046422033962354 16.987571930474154 0.0
2.5132741228718336 -8.959939247908943 17.58487089663403 0.0
2.5132741228718336 -7.8380956750512265 18.112770411128732 0.0
2.5132741228718336 -6.685318719449063 18.569187095747886 0.0
2.5132741228718336 -5.506157865093053 18.95231968235498 0.0
2.5132741228718336 -4.3052667211677775 19.260656121667363 0.0
2.5132741228718336 -3.087384656383163 19.492979550623968 0.0
2.5132741228718336 -1.8573180948517898 19.648373094789083 0.0
2.5132741228718336 -0.6199215473279729 19.726223486837924 0.0
2.5132741228718336 0.6199215473279729 19.726223486837878 0.0
2.5132741228718336 1.8573180948517898 19.64837309478935 0.0
2.5132741228718336 3.087384656383163 19.492979550623744 0.0
2.513274122871856 4.3052667211677775 19.260656121667363 0.0
2.5132741228718336 5.506157865093009 18.95231968235498 0.0
2.5132741228718114 6.685318719449107 18.569187095747886 0.0
2.5132741228718114 7.838095675051138 18.112770411128665 0.0
2.5132741228719 8.959939247908943 17.584870896634097 0.0
2.5132741228718114 10.046422033962399 16.987571930474132 0.0
2.5132741228718114 11.093256182020994 16.3232307787875 0.0
2.513274122871856 12.096310315956105 15.594469292592272 0.0
2.5132741228718114 13.051625839352754 14.804163560534356 0.0
2.5132741228718114 13.955432558282066 13.955432558282066 0.0
2.5132741228719 14.804163560534 13.051625839352443 0.0
2.5132741228718114 15.594469292592361 12.096310315956238 0.0
2.5132741228718114 16.32323077878781 11.093256182021172 0.0
2.513274122871856 16.987571930473887 10.046422033962266 0.0
2.5132741228718114 17.58487089663405 8.959939247908899 0.0
2.513274122871856 18.112770411128707 7.838095675051271 0.0
2.513274122871856 18.569187095747864 6.685318719449018 0.0
2.5132741228718114 18.95231968235498 5.506157865093098 0.0
2.5132741228718114 19.260656121667363 4.305266721167733 0.0
2.513274122871856 19.492979550623744 3.0873846563831187 0.0
2.513274122871856 19.648373094789616 1.8573180948518342 0.0
2.5132741228718114 19.72622348683761 0.6199215473279729 0.0
2.513274122871856 19.726223486837657 -0.6199215473279729 0.0
2.5132741228718114 19.648373094789616 -1.8573180948517454 0.0
2.5132741228718114 19.49297955062401 -3.0873846563832075 0.0
2.5132741228719 19.260656121666784 -4.305266721167733 0.0
2.5132741228718114 18.952319682355288 -5.506157865093009 0.0
2.5132741228718114 18.569187095748063 -6.685318719449196 0.0
2.513274122871856 18.112770411128487 -7.838095675051093 0.0
2.5132741228718114 17.58487089663401 -8.959939247908988 0.0
2.5132741228718114 16.987571930474132 -10.046422033962266 0.0
2.5132741228719 16.32323077878759 -11.093256182021083 0.0
2.5132741228718114 15.59446929259245 -12.096310315956327 0.0
2.5132741228718114 14.804163560534178 -13.051625839352532 0.0
2.513274122871856 13.955432558281888 -13.9554325582818 0.0
2.5132741228718114 13.051625839352798 -14.804163560534445 0.0
2.513274122871856 12.09631031595606 -15.594469292592184 0.0
2.513274122871856 11.093256182020994 -16.32323077878759 0.0
2.5132741228718114 10.046422033962354 -16.987571930474132 0.0
2.5132741228718114 8.959939247909077 -17.584870896634275 0.0
2.513274122871856 7.8380956750510045 -18.11277041112822 0.0
2.5132741228718114 6.685318719449196 -18.569187095748063 0.0
2.513274122871856 5.506157865093098 -18.952319682355288 0.0
2.513274122871856 4.305266721167733 -19.260656121667097 0.0
2.5132741228718114 3.0873846563831187 -19.492979550623744 0.0
2.5132741228718114 1.8573180948518342 -19.648373094789616 0.0
2.513274122871856 0.6199215473279729 -19.72622348683761 0.0
2.513274122871856 -0.6199215473279729 -19.726223486837878 0.0
2.5132741228718114 -1.8573180948517454 -19.64837309478935 0.0
2.513274122871856 -3.0873846563832075 -19.49297955062401 0.0
2.5132741228718114 -4.305266721167733 -19.260656121667097 0.0
2.5132741228718114 -5.506157865093009 -18.95231968235498 0.0
2.5132741228719 -6.685318719449107 -18.569187095747864 0.0
2.5132741228718114 -7.838095675051093 -18.112770411128487 0.0
2.5132741228718114 -8.959939247909254 -17.58487089663454 0.0
2.513274122871856 -10.046422033962088 -16.987571930473887 0.0
2.5132741228718114 -11.093256182020994 -16.32323077878759 0.0
2.513274122871856 -12.09631031595615 -15.594469292592139 0.0
2.513274122871856 -13.05162583935262 -14.804163560534267 0.0
2.5132741228718114 -13.955432558282155 -13.9554325582822 0.0
2.5132741228718114 -14.804163560534267 -13.05162583935262 0.0
2.513274122871856 -15.594469292592184 -12.096310315956105 0.0
2.5132741228718114 -16.32323077878759 -11.093256182021038 0.0
2.513274122871856 -16.987571930473866 -10.046422033962177 0.0
2.513274122871856 -17.584870896634452 -8.95993924790921 0.0
2.5132741228718114 -18.112770411128487 -7.838095675051093 0.0
2.5132741228718114 -18.569187095747886 -6.685318719449107 0.0
2.513274122871856 -18.952319682355512 -5.506157865093186 0.0
2.513274122871856 -19.260656121666564 -4.3052667211675555 0.0
2.5132741228718114 -19.492979550623744 -3.0873846563832075 0.0
2.513274122871856 -19.648373094789882 -1.8573180948518342 0.0
2.5132741228718114 -19.72622348683761 -0.6199215473279729 0.0
2.5132741228718114 -19.726223486837657 0.6199215473279729 0.0
2.513274122871856 -19.648373094789882 1.8573180948518342 0.0
2.513274122871856 -19.49297955062317 3.0873846563830742 0.0
2.5132741228718114 -19.26065612166763 4.305266721167822 0.0
2.513274122871856 -18.95231968235498 5.506157865093009 0.0
2.5132741228718114 -18.569187095747886 6.685318719449063 0.0
2.5132741228718114 -18.112770411129 7.838095675051315 0.0
2.5132741228719 -17.58487089663403 8.959939247908943 0.0
2.5132741228718114 -16.987571930473422 10.04642203396191 0.0
2.513274122871856 -16.323230778788055 11.093256182021305 0.0
2.513274122871767 -15.59446929259216 12.096310315956105 0.0
2.513274122871856 -14.804163560534223 13.051625839352576 0.0
2.513274122871856 -13.955432558282244 13.9554325582822 0.0
2.513274122871767 -13.05162583935262 14.804163560534267 0.0
2.513274122871856 -12.096310315956105 15.594469292592139 0.0
2.5132741228719446 -11.093256182020994 16.32323077878759 0.0
2.513274122871767 -10.046422033962221 16.987571930473866 0.0
2.513274122871856 -8.95993924790921 17.58487089663452 0.0
2.513274122871856 -7.838095675051093 18.112770411128487 0.0
2.513274122871767 -6.685318719449107 18.569187095747864 0.0
2.513274122871856 -5.506157865093053 18.95231968235498 0.0
2.513274122871856 -4.305266721167689 19.260656121667097 0.0
2.513274122871767 -3.087384656383252 19.492979550624277 0.0
2.513274122871856 -1.8573180948517898 19.64837309478935 0.0
2.513274122871856 -0.6199215473279729 19.72622348683761 0.0
2.513274122871767 0.6199215473280173 19.72622348683819 0.0
2.5132741228719446 1.857318094851701 19.648373094788774 0.0
2.513274122871856 3.087384656383163 19.492979550623744 0.0
2.513274122871767 4.3052667211677775 19.26065612166763 0.0
2.513274122871856 5.506157865093009 18.95231968235498 0.0
2.513274122871856 6.685318719449107 18.569187095747886 0.0
2.513274122871767 7.838095675051315 18.11277041112902 0.0
2.513274122871856 8.959939247908677 17.584870896633475 0.0
2.513274122871856 10.046422033962488 16.9875719304744 0.0
2.513274122871767 11.093256182020994 16.32323077878759 0.0
2.513274122871856 12.096310315956105 15.594469292592184 0.0
2.5132741228719446 13.051625839352932 14.804163560534622 0.0
2.513274122871767 13.955432558281844 13.9554325582818 0.0
2.513274122871856 14.804163560533778 13.051625839352266 0.0
2.513274122871856 15.594469292592628 12.096310315956504 0.0
2.513274122871767 16.323230778787543 11.093256182020994 0.0
2.513274122871856 16.987571930473887 10.046422033962266 0.0
2.513274122871856 17.58487089663452 8.959939247909166 0.0
2.513274122871767 18.112770411128487 7.838095675051093 0.0
2.513274122871856 18.569187095747886 6.685318719449107 0.0
2.513274122871856 18.95231968235498 5.506157865093098 0.0
2.513274122871767 19.26065612166705 4.305266721167644 0.0
2.5132741228719446 19.492979550624323 3.0873846563832963 0.0
2.513274122871856 19.648373094789306 1.8573180948517454 0.0
2.513274122871767 19.726223486837657 0.6199215473279729 0.0
2.513274122871856 19.72622348683761 -0.6199215473278841 0.0
2.513274122871856 19.648373094789306 -1.8573180948518342 0.0
2.513274122871767 19.492979550624323 -3.0873846563832075 0.0
2.513274122871856 19.260656121667097 -4.305266721167733 0.0
2.513274122871856 18.95231968235498 -5.506157865093009 0.0
2.513274122871767 18.56918709574833 -6.685318719449285 0.0
2.513274122871856 18.112770411128043 -7.838095675050916 0.0
2.5132741228719446 17.58487089663401 -8.959939247908899 0.0
2.513274122871767 16.9875719304744 -10.046422033962443 0.0
2.513274122871856 16.32323077878759 -11.093256182020994 0.0
2.513274122871856 15.594469292592184 -12.09631031595606 0.0
2.513274122871767 14.804163560534622 -13.051625839352976 0.0
2.513274122871856 13.955432558281444 -13.955432558281533 0.0
2.513274122871856 13.051625839352976 -14.804163560534533 0.0
2.513274122871767 12.09631031595615 -15.594469292592184 0.0
2.513274122871856 11.093256182020994 -16.32323077878759 0.0
2.513274122871856 10.046422033962443 -16.9875719304744 0.0
2.513274122871767 8.959939247908988 -17.58487089663401 0.0
2.5132741228719446 7.838095675050827 -18.112770411127954 0.0
2.513274122871856 6.6853187194493735 -18.56918709574842 0.0
2.513274122871767 5.506157865093009 -18.952319682354933 0.0
2.513274122871856 4.305266721167822 -19.26065612166763 0.0
2.513274122871856 3.0873846563832075 -19.492979550623744 0.0
2.513274122871767 1.8573180948517454 -19.64837309478935 0.0
2.513274122871856 0.6199215473279729 -19.72622348683761 0.0
2.513274122871856 -0.6199215473278841 -19.72622348683761 0.0
2.513274122871767 -1.8573180948518342 -19.64837309478935 0.0
2.513274122871856 -3.0873846563832075 -19.492979550624323 0.0
2.513274122871856 -4.305266721167733 -19.260656121667097 0.0
2.513274122871856 -5.506157865093009 -18.95231968235498 0.0
2.513274122871856 -6.685318719449107 -18.56918709574784 0.0
2.513274122871856 -7.838095675051093 -18.112770411128487 0.0
2.513274122871767 -8.959939247909166 -17.58487089663454 0.0
2.513274122871856 -10.046422033962177 -16.987571930473887 0.0
2.513274122871856 -11.093256182020994 -16.32323077878759 0.0
2.513274122871767 -12.096310315956416 -15.594469292592605 0.0
2.513274122871856 -13.051625839352266 -14.804163560533778 0.0
2.513274122871856 -13.955432558281888 -13.955432558281888 0.0
2.513274122871767 -14.804163560534533 -13.051625839352932 0.0
2.513274122871856 -15.594469292592184 -12.09631031595615 0.0
2.5132741228719446 -16.32323077878759 -11.093256182020994 0.0
2.513274122871767 -16.9875719304744 -10.046422033962532 0.0
2.513274122871856 -17.584870896633475 -8.959939247908677 0.0
2.513274122871856 -18.11277041112902 -7.83809567505136 0.0
2.513274122871767 -18.569187095747797 -6.685318719449107 0.0
2.513274122871856 -18.95231968235502 -5.506157865093009 0.0
2.513274122871856 -19.260656121667584 -4.305266721167822 0.0
2.513274122871767 -19.49297955062379 -3.087384656383163 0.0
2.513274122871856 -19.648373094788774 -1.8573180948517454 0.0
2.513274122871856 -19.72622348683819 -0.6199215473280173 0.0
2.513274122871856 -19.72622348683761 0.6199215473279285 0.0
2.513274122871856 -19.648373094789882 1.8573180948518786 0.0
2.513274122871856 -19.492979550623744 3.087384656383163 0.0
2.513274122871767 -19.260656121667097 4.305266721167689 0.0
2.513274122871856 -18.952319682355512 5.506157865093186 0.0
2.513274122871856 -18.569187095747864 6.685318719449107 0.0
2.513274122871767 -18.112770411128466 7.838095675051093 0.0
2.513274122871856 -17.58487089663403 8.959939247908943 0.0
2.513274122871856 -16.98757193047391 10.046422033962221 0.0
2.513274122871767 -16.323230778787543 11.093256182020994 0.0
2.513274122871856 -15.594469292592205 12.09631031595606 0.0
2.5132741228719446 -14.804163560534223 13.05162583935262 0.0
2.513274122871767 -13.955432558281844 13.9554325582818 0.0
2.513274122871856 -13.051625839352665 14.804163560534223 0.0
2.513274122871856 -12.09631031595677 15.594469292593004 0.0
2.513274122871767 -11.093256182020994 16.32323077878759 0.0
2.513274122871856 -10.046422033962221 16.98757193047391 0.0
2.513274122871856 -8.959939247908943 17.58487089663403 0.0
2.513274122871767 -7.838095675051093 18.112770411128466 0.0
2.513274122871856 -6.685318719449107 18.569187095747864 0.0
2.513274122871856 -5.506157865093009 18.95231968235498 0.0
2.513274122871856 -4.305266721167689 19.260656121667097 0.0
2.513274122871856 -3.087384656383252 19.492979550623744 0.0
2.513274122871856 -1.8573180948517898 19.64837309478935 0.0
2.513274122871767 -0.6199215473280173 19.72622348683761 0.0
2.513274122871856 0.6199215473279729 19.726223486838723 0.0
2.513274122871856 1.8573180948518342 19.64837309478935 0.0
2.513274122871767 3.0873846563831187 19.492979550623744 0.0
2.513274122871856 4.305266721167733 19.26065612166705 0.0
2.513274122871856 5.506157865093009 18.95231968235498 0.0
2.513274122871767 6.685318719449507 18.56918709574895 0.0
2.513274122871856 7.838095675050605 18.11277041112742 0.0
2.5132741228719446 8.959939247908943 17.58487089663401 0.0
2.513274122871767 10.046422033962177 16.987571930473955 0.0
2.513274122871856 11.09325618202095 16.32323077878759 0.0
2.513274122871856 12.09631031595677 15.594469292593072 0.0
2.513274122871767 13.05162583935262 14.804163560534267 0.0
2.513274122871856 13.955432558281844 13.9554325582818 0.0
2.513274122871856 14.804163560534223 13.051625839352532 0.0
2.513274122871767 15.59446929259216 12.09631031595615 0.0
2.513274122871856 16.323230778787543 11.093256182021083 0.0
2.513274122871856 16.987571930474864 10.04642203396271 0.0
2.513274122871767 17.58487089663405 8.959939247908899 0.0
2.5132741228719446 18.112770411127443 7.838095675050649 0.0
2.513274122871856 18.569187095747864 6.685318719449107 0.0
2.513274122871767 18.95231968235498 5.506157865093186 0.0
2.513274122871856 19.260656121668163 4.305266721167911 0.0
2.513274122871856 19.492979550623744 3.0873846563832075 0.0
2.513274122871767 19.64837309478935 1.8573180948517454 0.0
2.513274122871856 19.72622348683761 0.6199215473279729 0.0
2.513274122871856 19.72622348683761 -0.6199215473278841 0.0
2.513274122871767 19.64837309478935 -1.8573180948518342 0.0
2.513274122871856 19.492979550624856 -3.087384656383385 0.0
2.513274122871856 19.26065612166705 -4.305266721167733 0.0
2.513274122871856 18.95231968235498 -5.506157865093009 0.0
2.513274122871856 18.56918709574682 -6.685318719448663 0.0
2.513274122871856 18.112770411128487 -7.8380956750510045 0.0
2.513274122871767 17.584870896635074 -8.959939247909432 0.0
2.513274122871856 16.987571930473955 -10.046422033962266 0.0
2.513274122871856 16.3232307787875 -11.093256182020994 0.0
2.513274122871767 15.594469292592184 -12.09631031595606 0.0
2.513274122871856 14.804163560534178 -13.051625839352532 0.0
2.513274122871856 13.955432558281888 -13.9554325582818 0.0
2.513274122871767 13.051625839353331 -14.804163560535155 0.0
2.5132741228719446 12.09631031595606 -15.594469292592184 0.0
2.513274122871856 11.093256182021083 -16.32323077878759 0.0
2.513274122871767 10.046422033961644 -16.98757193047289 0.0
2.513274122871856 8.959939247909077 -17.58487089663401 0.0
2.513274122871856 7.8380956750514486 -18.112770411129464 0.0
2.513274122871856 6.685318719449107 -18.569187095747886 0.0
2.513274122871678 5.506157865093098 -18.952319682354933 0.0
2.513274122871856 4.305266721167644 -19.260656121667097 0.0
2.513274122871856 3.0873846563832963 -19.492979550623744 0.0
2.513274122871856 1.8573180948517454 -19.64837309478935 0.0
2.513274122871856 0.6199215473280617 -19.726223486838723 0.0
2.513274122871856 -0.6199215473279729 -19.72622348683761 0.0
2.513274122871856 -1.8573180948518342 -19.64837309478935 0.0
2.513274122871678 -3.0873846563831187 -19.492979550623744 0.0
2.5132741228720334 -4.305266721167467 -19.260656121665985 0.0
2.513274122871678 -5.506157865093275 -18.952319682356087 0.0
2.513274122871856 -6.685318719449107 -18.569187095747864 0.0
2.5132741228720334 -7.8380956750510045 -18.112770411128487 0.0
2.513274122871678 -8.959939247908988 -17.58487089663403 0.0
2.513274122871856 -10.046422033962088 -16.987571930473955 0.0
2.513274122871856 -11.093256182021705 -16.323230778788478 0.0
2.513274122871856 -12.09631031595606 -15.594469292592139 0.0
2.513274122871678 -13.05162583935262 -14.804163560534223 0.0
2.5132741228720334 -13.955432558281888 -13.955432558281844 0.0
2.513274122871678 -14.804163560534178 -13.05162583935262 0.0
2.513274122871856 -15.594469292592095 -12.09631031595606 0.0
2.513274122871856 -16.323230778788478 -11.093256182021705 0.0
2.513274122871856 -16.987571930472978 -10.046422033961555 0.0
2.513274122871856 -17.58487089663401 -8.959939247908988 0.0
2.513274122871856 -18.112770411128487 -7.838095675051138 0.0
2.513274122871856 -18.569187095747886 -6.6853187194491515 0.0
2.513274122871678 -18.952319682356 -5.506157865093364 0.0
2.5132741228720334 -19.260656121667097 -4.305266721167689 0.0
2.513274122871678 -19.492979550623744 -3.0873846563831187 0.0
2.513274122871856 -19.64837309478935 -1.8573180948518342 0.0
2.513274122871856 -19.72622348683761 -0.6199215473279729 0.0
2.513274122871856 -19.72622348683761 0.6199215473279285 0.0
2.513274122871678 -19.64837309479046 1.857318094851923 0.0
2.5132741228720334 -19.492979550622636 3.0873846563829854 0.0
2.513274122871856 -19.260656121667097 4.305266721167644 0.0
2.513274122871678 -18.95231968235498 5.506157865092964 0.0
2.5132741228720334 -18.569187095747907 6.685318719449063 0.0
2.513274122871678 -18.112770411129507 7.838095675051493 0.0
2.513274122871856 -17.58487089663403 8.959939247908943 0.0
2.513274122871856 -16.98757193047391 10.046422033962221 0.0
2.513274122871856 -16.32323077878759 11.093256182021038 0.0
2.513274122871678 -15.594469292592139 12.096310315956016 0.0
2.5132741228720334 -14.804163560534267 13.051625839352576 0.0
2.513274122871856 -13.955432558282643 13.955432558282643 0.0
2.513274122871678 -13.051625839352576 14.804163560534267 0.0
2.5132741228720334 -12.096310315955394 15.594469292591272 0.0
2.513274122871678 -11.093256182021083 16.323230778787522 0.0
2.513274122871856 -10.046422033962221 16.987571930473866 0.0
2.513274122871856 -8.95993924790952 17.584870896635007 0.0
2.513274122871856 -7.838095675051093 18.112770411128466 0.0
2.513274122871678 -6.685318719449107 18.569187095747886 0.0
2.5132741228720334 -5.506157865093053 18.952319682354933 0.0
2.513274122871678 -4.305266721167689 19.260656121667097 0.0
2.513274122871856 -3.0873846563832075 19.492979550623744 0.0
2.5132741228720334 -1.857318094851923 19.64837309479046 0.0
2.513274122871678 -0.6199215473279285 19.72622348683761 0.0
2.513274122871856 0.6199215473279729 19.72622348683761 0.0
2.513274122871856 1.8573180948516566 19.64837309478824 0.0
2.513274122871856 3.0873846563831187 19.492979550623744 0.0
2.513274122871678 4.305266721167866 19.260656121668205 0.0
2.5132741228720334 5.506157865093009 18.95231968235502 0.0
2.513274122871678 6.685318719449063 18.569187095747797 0.0
2.513274122871856 7.838095675051093 18.112770411128487 0.0
2.513274122871856 8.959939247908899 17.584870896634097 0.0
2.513274122871856 10.046422033962132 16.987571930473955 0.0
2.513274122871856 11.093256182021705 16.323230778788478 0.0
2.513274122871856 12.09631031595606 15.594469292592095 0.0
2.513274122871856 13.05162583935262 14.804163560534178 0.0
2.513274122871678 13.955432558281844 13.955432558281888 0.0
2.5132741228720334 14.804163560533379 13.05162583935191 0.0
2.513274122871678 15.594469292592983 12.09631031595677 0.0
2.513274122871856 16.323230778787543 11.093256182021172 0.0
2.513274122871856 16.987571930473887 10.046422033962088 0.0
2.513274122871856 17.58487089663401 8.959939247909077 0.0
2.513274122871678 18.112770411128466 7.838095675051093 0.0
2.5132741228720334 18.569187095748905 6.685318719449462 0.0
2.513274122871856 18.95231968235498 5.506157865093009 0.0
2.513274122871678 19.260656121667097 4.305266721167733 0.0
2.5132741228720334 19.492979550623744 3.0873846563831187 0.0
2.513274122871678 19.64837309478935 1.8573180948518342 0.0
2.513274122871856 19.72622348683761 0.6199215473279729 0.0
2.513274122871856 19.72622348683761 -0.6199215473278841 0.0
2.513274122871856 19.64837309478935 -1.8573180948518342 0.0
2.513274122871678 19.492979550623744 -3.0873846563831187 0.0
2.5132741228720334 19.260656121667097 -4.305266721167644 0.0
2.513274122871678 18.95231968235498 -5.506157865093009 0.0
2.513274122871856 18.56918709574895 -6.685318719449462 0.0
2.5132741228720334 18.112770411128487 -7.838095675051093 0.0
2.513274122871678 17.58487089663401 -8.959939247908899 0.0
2.513274122871856 16.987571930473866 -10.046422033962177 0.0
2.513274122871856 16.32323077878759 -11.093256182021083 0.0
2.513274122871856 15.594469292592184 -12.09631031595606 0.0
2.513274122871678 14.804163560535155 -13.051625839353331 0.0
2.5132741228720334 13.955432558281 -13.955432558281 0.0
2.513274122871678 13.05162583935262 -14.804163560534178 0.0
2.513274122871856 12.09631031595615 -15.594469292592184 0.0
2.5132741228720334 11.093256182021083 -16.3232307787875 0.0
2.513274122871678 10.046422033962799 -16.987571930474843 0.0
2.513274122871856 8.959939247908899 -17.58487089663401 0.0
2.513274122871856 7.838095675051093 -18.112770411128487 0.0
2.513274122871856 6.685318719449107 -18.569187095747886 0.0
2.513274122871678 5.506157865093009 -18.95231968235498 0.0
2.5132741228720334 4.305266721167733 -19.26065612166705 0.0
2.513274122871678 3.087384656383385 -19.492979550624856 0.0
2.513274122871856 1.8573180948518342 -19.64837309478935 0.0
2.513274122871856 0.6199215473278841 -19.726223486836503 0.0
2.513274122871856 -0.6199215473278841 -19.72622348683761 0.0
2.513274122871856 -1.8573180948517454 -19.64837309478935 0.0
2.513274122871856 -3.0873846563832963 -19.492979550624856 0.0
2.513274122871856 -4.305266721167733 -19.260656121667097 0.0
2.513274122871678 -5.506157865093009 -18.95231968235498 0.0
2.5132741228720334 -6.685318719449018 -18.569187095747886 0.0
2.513274122871678 -7.838095675051093 -18.112770411128487 0.0
2.513274122871856 -8.959939247908899 -17.58487089663405 0.0
2.513274122871856 -10.04642203396271 -16.987571930474864 0.0
2.513274122871856 -11.093256182021083 -16.323230778787543 0.0
2.513274122871678 -12.09631031595615 -15.59446929259216 0.0
2.5132741228720334 -13.051625839351821 -14.804163560533379 0.0
2.513274122871856 -13.9554325582818 -13.955432558281933 0.0
2.513274122871678 -14.804163560534978 -13.051625839353376 0.0
2.5132741228720334 -15.594469292592184 -12.096310315956105 0.0
2.513274122871678 -16.3232307787875 -11.093256182021038 0.0
2.513274122871856 -16.987571930473866 -10.046422033962221 0.0
2.513274122871856 -17.58487089663401 -8.959939247908988 0.0
2.513274122871856 -18.112770411129553 -7.838095675051537 0.0
2.513274122871678 -18.569187095747886 -6.685318719449063 0.0
2.5132741228720334 -18.95231968235498 -5.506157865093009 0.0
2.513274122871678 -19.26065612166705 -4.305266721167733 0.0
2.513274122871856 -19.492979550623744 -3.0873846563831187 0.0
2.5132741228720334 -19.64837309478824 -1.8573180948517898 0.0
2.513274122871678 -19.726223486838723 -0.6199215473280173 0.0
2.513274122871856 -19.72622348683761 0.6199215473279285 0.0
2.513274122871856 -19.64837309478935 1.8573180948517454 0.0
2.513274122871856 -19.49297955062379 3.087384656383163 0.0
2.513274122871678 -19.26065612166705 4.305266721167644 0.0
2.5132741228720334 -18.952319682356087 5.506157865093275 0.0
2.513274122871678 -18.569187095747864 6.685318719449107 0.0
2.513274122871856 -18.112770411128466 7.838095675051093 0.0
2.513274122871856 -17.58487089663403 8.959939247908943 0.0
2.513274122871856 -16.98757193047391 10.046422033962221 0.0
2.513274122871856 -16.32323077878759 11.093256182020994 0.0
2.513274122871856 -15.59446929259216 12.096310315956105 0.0
2.513274122871856 -14.804163560534223 13.051625839352532 0.0
2.513274122871678 -13.955432558281888 13.955432558281844 0.0
2.5132741228720334 -13.05162583935262 14.804163560534178 0.0
2.513274122871678 -12.09631031595615 15.594469292592139 0.0
2.513274122871856 -11.09325618202166 16.323230778788457 0.0
2.513274122871856 -10.046422033962221 16.98757193047391 0.0
2.513274122871856 -8.959939247908943 17.58487089663403 0.0
2.513274122871678 -7.838095675051093 18.112770411128466 0.0
2.5132741228720334 -6.685318719449107 18.569187095747864 0.0
2.513274122871856 -5.506157865093053 18.95231968235498 0.0
2.513274122871678 -4.305266721167911 19.260656121668163 0.0
2.5132741228720334 -3.08738465638303 19.492979550622636 0.0
2.513274122871678 -1.8573180948518342 19.64837309478935 0.0
2.513274122871856 -0.6199215473280173 19.72622348683761 0.0
2.513274122871856 0.6199215473278841 19.72622348683761 0.0
2.513274122871856 1.8573180948518786 19.64837309479046 0.0
2.513274122871678 3.087384656383163 19.49297955062379 0.0
2.5132741228720334 4.305266721167689 19.26065612166705 0.0
2.513274122871678 5.506157865093009 18.952319682354933 0.0
2.513274122871856 6.685318719449063 18.569187095747886 0.0
2.5132741228720334 7.838095675051049 18.112770411128487 0.0
2.513274122871678 8.959939247909476 17.584870896635074 0.0
2.513274122871856 10.046422033962221 16.987571930473866 0.0
2.513274122871856 11.093256182020372 16.3232307787867 0.0
2.513274122871856 12.096310315956016 15.594469292592184 0.0
2.513274122871678 13.051625839352576 14.804163560534267 0.0
2.5132741228720334 13.955432558282554 13.955432558282688 0.0
2.513274122871678 14.804163560534223 13.05162583935262 0.0
2.513274122871856 15.59446929259216 12.09631031595606 0.0
2.5132741228720334 16.323230778787543 11.093256182021083 0.0
2.513274122871678 16.987571930473887 10.046422033962177 0.0
2.513274122871856 17.584870896635028 8.959939247909432 0.0
2.513274122871856 18.112770411128487 7.838095675051093 0.0
2.513274122871856 18.56918709574784 6.685318719449107 0.0
2.513274122871678 18.95231968235498 5.506157865093009 0.0
2.5132741228720334 19.26065612166603 4.305266721167467 0.0
2.513274122871678 19.4929795506237 3.0873846563832963 0.0
2.513274122871856 19.64837309479046 1.857318094851923 0.0
2.513274122871856 19.72622348683761 0.6199215473279729 0.0
2.513274122871856 19.72622348683761 -0.6199215473278841 0.0
2.513274122871856 19.64837309478935 -1.8573180948518342 0.0
2.513274122871856 19.49297955062379 -3.08738465638303 0.0
2.513274122871856 19.260656121668163 -4.305266721168 0.0
2.513274122871678 18.952319682354933 -5.506157865093009 0.0
2.5132741228720334 18.569187095747886 -6.685318719449107 0.0
2.513274122871678 18.112770411128487 -7.838095675051093 0.0
2.513274122871856 17.58487089663401 -8.959939247908988 0.0
2.513274122871856 16.987571930472978 -10.046422033961555 0.0
2.513274122871856 16.323230778789455 -11.093256182022238 0.0
2.513274122871678 15.594469292591295 -12.096310315955439 0.0
2.5132741228720334 14.804163560534978 -13.051625839353331 0.0
2.513274122871856 13.955432558281089 -13.955432558281089 0.0
2.513274122871678 13.05162583935342 -14.804163560534978 0.0
2.5132741228720334 12.09631031595535 -15.594469292591295 0.0
2.513274122871678 11.093256182021705 -16.323230778788478 0.0
2.513274122871856 10.046422033961644 -16.98757193047289 0.0
2.513274122871856 8.95993924790952 -17.584870896635074 0.0
2.513274122871856 7.838095675050738 -18.11277041112742 0.0
2.513274122871678 6.685318719449462 -18.569187095748863 0.0
2.5132741228720334 5.506157865093364 -18.952319682356045 0.0
2.513274122871678 4.305266721167378 -19.26065612166603 0.0
2.513274122871856 3.087384656383385 -19.492979550624856 0.0
2.5132741228720334 1.8573180948516566 -19.648373094788194 0.0
2.513274122871678 0.6199215473280617 -19.726223486838723 0.0
2.513274122871856 -0.6199215473278841 -19.726223486836545 0.0
2.513274122871856 -1.8573180948516566 -19.64837309478824 0.0
2.513274122871856 -3.0873846563832075 -19.492979550624856 0.0
2.513274122871678 -4.305266721167911 -19.260656121668163 0.0
2.5132741228720334 -5.506157865093275 -18.952319682356045 0.0
2.513274122871678 -6.685318719448752 -18.56918709574684 0.0
2.513274122871856 -7.838095675051537 -18.112770411129485 0.0
2.513274122871856 -8.959939247908366 -17.584870896633053 0.0
2.513274122871856 -10.046422033962799 -16.987571930474864 0.0
2.513274122871856 -11.093256182020372 -16.32323077878668 0.0
2.513274122871856 -12.09631031595677 -15.594469292593004 0.0
2.513274122871856 -13.051625839351821 -14.804163560533468 0.0
2.513274122871678 -13.955432558282599 -13.955432558282643 0.0
2.5132741228720334 -14.80416356053329 -13.05162583935191 0.0
2.513274122871678 -15.594469292593072 -12.096310315956815 0.0
2.513274122871856 -16.323230778788478 -11.093256182021616 0.0
2.513274122871856 -16.987571930472978 -10.046422033961644 0.0
2.513274122871856 -17.584870896634985 -8.959939247909476 0.0
2.513274122871856 -18.11277041112742 -7.838095675050649 0.0
2.513274122871856 -18.56918709574895 -6.685318719449507 0.0
2.513274122871856 -18.952319682353913 -5.506157865092742 0.0
2.513274122871678 -19.260656121668163 -4.305266721167955 0.0
2.5132741228720334 -19.492979550622636 -3.08738465638303 0.0
2.513274122871678 -19.648373094790415 -1.857318094851923 0.0
2.513274122871856 -19.726223486836503 -0.6199215473280173 0.0
2.513274122871856 -19.726223486838766 0.6199215473279285 0.0
2.513274122871856 -19.64837309479046 1.8573180948518786 0.0
2.513274122871678 -19.492979550622636 3.0873846563829854 0.0
2.5132741228720334 -19.260656121668163 4.305266721167911 0.0
2.513274122871856 -18.952319682353913 5.506157865092742 0.0
2.513274122871678 -18.56918709574893 6.685318719449418 0.0
2.5132741228720334 -18.112770411127464 7.838095675050605 0.0
2.513274122871678 -17.584870896635053 8.959939247909432 0.0
2.513274122871856 -16.987571930472956 10.046422033961555 0.0
2.513274122871856 -16.323230778788545 11.093256182021616 0.0
2.513274122871856 -15.594469292591295 12.09631031595535 0.0
2.513274122871678 -14.80416356053671 13.051625839354797 0.0
2.5132741228720334 -13.955432558281045 13.955432558281133 0.0
2.513274122871678 -13.051625839351866 14.804163560533379 0.0
2.513274122871856 -12.096310315956815 15.594469292593004 0.0
2.5132741228720334 -11.093256182020417 16.323230778786655 0.0
2.513274122871678 -10.046422033962799 16.98757193047482 0.0
2.513274122871856 -8.959939247908455 17.58487089663301 0.0
2.513274122871856 -7.838095675051582 18.112770411129485 0.0
2.513274122871856 -6.685318719448796 18.56918709574682 0.0
2.513274122871678 -5.506157865093364 18.952319682356 0.0
2.5132741228720334 -4.305266721167955 19.260656121668205 0.0
2.513274122871678 -3.0873846563832963 19.49297955062481 0.0
2.513274122871856 -1.8573180948516121 19.64837309478824 0.0
2.513274122871856 -0.6199215473279729 19.726223486836503 0.0
2.513274122871856 0.6199215473279729 19.726223486838766 0.0
2.513274122871856 1.8573180948516566 19.64837309478824 0.0
2.513274122871856 3.0873846563832963 19.492979550624856 0.0
2.513274122871856 4.305266721167378 19.260656121665985 0.0
2.513274122871678 5.50615786509332 18.952319682356087 0.0
2.5132741228720334 6.6853187194486186 18.56918709574682 0.0
2.513274122871678 7.8380956750514486 18.112770411129553 0.0
2.513274122871856 8.959939247909476 17.584870896634985 0.0
2.513274122871856 10.046422033962799 16.987571930474843 0.0
2.513274122871856 11.093256182020417 16.323230778786613 0.0
2.513274122871678 12.096310315956815 15.594469292592983 0.0
2.5132741228720334 13.05162583935191 14.804163560533468 0.0
2.513274122871856 13.955432558281 13.955432558281089 0.0
2.513274122871678 14.804163560535022 13.051625839353331 0.0
2.5132741228720334 15.594469292591251 12.096310315955439 0.0
2.513274122871678 16.323230778788457 11.093256182021705 0.0
2.513274122871856 16.98757193047289 10.046422033961733 0.0
2.513274122871856 17.584870896634985 8.95993924790952 0.0
2.513274122871856 18.112770411129507 7.838095675051537 0.0
2.513274122871678 18.56918709574893 6.685318719449462 0.0
2.5132741228720334 18.952319682353913 5.5061578650926535 0.0
2.513274122871678 19.260656121668205 4.305266721167911 0.0
2.513274122871856 19.492979550622636 3.087384656382941 0.0
2.5132741228720334 19.648373094788194 1.8573180948517454 0.0
2.513274122871678 19.726223486838766 0.6199215473280617 0.0
2.513274122871856 19.726223486836503 -0.6199215473278841 0.0
2.513274122871856 19.64837309479046 -1.8573180948518342 0.0
2.513274122871856 19.492979550622636 -3.087384656382852 0.0
2.513274122871678 19.260656121668205 -4.305266721167911 0.0
2.5132741228720334 18.952319682356087 -5.506157865093275 0.0
2.513274122871678 18.569187095748863 -6.685318719449551 0.0
2.513274122871856 18.11277041112742 -7.838095675050649 0.0
2.513274122871856 17.584870896634985 -8.959939247909432 0.0
2.513274122871856 16.987571930472978 -10.046422033961644 0.0
2.513274122871856 16.323230778788478 -11.093256182021705 0.0
2.513274122871856 15.594469292591295 -12.09631031595535 0.0
2.513274122871856 14.804163560533468 -13.051625839351821 0.0
2.513274122871678 13.955432558282688 -13.955432558282599 0.0
2.5132741228720334 13.05162583935191 -14.80416356053329 0.0
2.513274122871678 12.09631031595686 -15.594469292592983 0.0
2.513274122871856 11.093256182021705 -16.323230778788567 0.0
2.513274122871856 10.046422033962621 -16.987571930474843 0.0
2.513274122871856 8.959939247908544 -17.58487089663303 0.0
2.513274122871856 7.8380956750514486 -18.112770411129464 0.0
2.513274122871856 6.685318719448752 -18.56918709574682 0.0
2.513274122871856 5.506157865093364 -18.952319682356087 0.0
2.513274122871678 4.305266721167378 -19.260656121665985 0.0
2.5132741228720334 3.0873846563831187 -19.492979550622636 0.0
2.513274122871678 1.857318094851923 -19.64837309479046 0.0
2.513274122871856 0.6199215473280617 -19.726223486836457 0.0
2.513274122871856 -0.6199215473278841 -19.726223486838766 0.0
2.513274122871856 -1.8573180948518342 -19.64837309479046 0.0
2.513274122871678 -3.087384656383385 -19.492979550624856 0.0
2.5132741228720334 -4.305266721167467 -19.260656121665942 0.0
2.513274122871856 -5.506157865093364 -18.952319682356087 0.0
2.513274122871678 -6.685318719448663 -18.56918709574682 0.0
2.5132741228720334 -7.838095675051537 -18.112770411129485 0.0
2.513274122871678 -8.959939247908455 -17.584870896633053 0.0
2.513274122871856 -10.046422033961555 -16.987571930472978 0.0
2.513274122871856 -11.093256182021527 -16.323230778788567 0.0
2.513274122871856 -12.09631031595535 -15.59446929259134 0.0
2.513274122871678 -13.051625839353242 -14.80416356053511 0.0
2.5132741228720334 -13.955432558282688 -13.955432558282643 0.0
2.513274122871678 -14.804163560534978 -13.051625839353331 0.0
2.5132741228720334 -15.594469292591295 -12.096310315955394 0.0
2.513274122871678 -16.323230778788478 -11.093256182021705 0.0
2.513274122871678 -16.987571930472978 -10.0464220339616 0.0
2.5132741228720334 -17.584870896634985 -8.959939247909476 0.0
2.513274122871678 -18.11277041112742 -7.838095675050694 0.0
2.5132741228720334 -18.56918709574895 -6.685318719449462 0.0
2.513274122871678 -18.952319682353913 -5.506157865092742 0.0
2.5132741228720334 -19.260656121665942 -4.3052667211675555 0.0
2.513274122871678 -19.492979550624856 -3.087384656383474 0.0
2.5132741228720334 -19.64837309479046 -1.857318094851923 0.0
2.513274122871678 -19.726223486838723 -0.6199215473280173 0.0
2.513274122871678 -19.726223486836503 0.6199215473279285 0.0
2.5132741228720334 -19.64837309479046 1.8573180948518786 0.0
2.5132741228720334 -19.492979550622636 3.0873846563829854 0.0
2.513274122871678 -19.260656121668163 4.305266721167911 0.0
2.513274122871678 -18.952319682353913 5.506157865092698 0.0
2.513274122871678 -18.56918709574895 6.685318719449418 0.0
2.5132741228720334 -18.112770411127464 7.838095675050649 0.0
2.5132741228720334 -17.5848708966331 8.959939247908322 0.0
2.513274122871678 -16.98757193047491 10.046422033962665 0.0
2.513274122871678 -16.32323077878852 11.093256182021571 0.0
2.5132741228720334 -15.594469292593072 12.09631031595677 0.0
2.513274122871678 -14.804163560533379 13.051625839351866 0.0
2.513274122871678 -13.955432558282643 13.955432558282599 0.0
2.5132741228723887 -13.051625839351866 14.804163560533379 0.0
2.513274122871678 -12.09631031595677 15.594469292593027 0.0
2.513274122871678 -11.093256182020461 16.323230778786655 0.0
2.513274122871678 -10.046422033962799 16.98757193047482 0.0
2.5132741228720334 -8.9599392479085 17.58487089663301 0.0
2.513274122871678 -7.838095675051582 18.112770411129485 0.0
2.5132741228720334 -6.685318719449462 18.56918709574893 0.0
2.513274122871678 -5.506157865092698 18.952319682353913 0.0
2.5132741228720334 -4.305266721167955 19.260656121668163 0.0
2.513274122871678 -3.08738465638303 19.492979550622636 0.0
2.513274122871678 -1.8573180948518786 19.64837309479046 0.0
2.5132741228720334 -0.6199215473279729 19.726223486836503 0.0
2.5132741228720334 0.6199215473279729 19.726223486838723 0.0
2.513274122871678 1.8573180948516566 19.64837309478824 0.0
2.513274122871678 3.0873846563832963 19.492979550624856 0.0
2.5132741228720334 4.305266721167378 19.26065612166603 0.0
2.513274122871678 5.506157865093275 18.952319682356045 0.0
2.513274122871678 6.685318719449462 18.569187095748863 0.0
2.5132741228720334 7.838095675051582 18.112770411129553 0.0
2.5132741228720334 8.9599392479085 17.584870896632943 0.0
2.513274122871678 10.0464220339616 16.987571930472978 0.0
2.513274122871678 11.093256182021616 16.323230778788567 0.0
2.5132741228720334 12.096310315955394 15.594469292591207 0.0
2.513274122871678 13.051625839353287 14.804163560535155 0.0
2.5132741228720334 13.955432558281045 13.955432558281089 0.0
2.513274122871678 14.804163560535022 13.051625839353331 0.0
2.5132741228720334 15.594469292591228 12.096310315955527 0.0
2.513274122871678 16.323230778788457 11.093256182021705 0.0
2.513274122871678 16.987571930474843 10.046422033962799 0.0
2.513274122871678 17.584870896635053 8.959939247909343 0.0
2.5132741228723887 18.112770411127464 7.838095675050649 0.0
2.513274122871678 18.56918709574684 6.685318719448752 0.0
2.513274122871678 18.952319682356 5.506157865093364 0.0
2.5132741228720334 19.260656121665985 4.305266721167467 0.0
2.513274122871678 19.492979550624856 3.087384656383385 0.0
2.513274122871678 19.64837309478824 1.8573180948517454 0.0
2.5132741228720334 19.726223486838723 0.6199215473280617 0.0
2.5132741228720334 19.726223486836503 -0.6199215473278841 0.0
2.513274122871678 19.64837309479046 -1.8573180948518342 0.0
2.513274122871678 19.492979550624856 -3.0873846563832963 0.0
2.513274122871678 19.260656121668163 -4.305266721168 0.0
2.5132741228720334 18.952319682353913 -5.506157865092742 0.0
2.5132741228720334 18.56918709574682 -6.685318719448663 0.0
2.513274122871678 18.112770411129464 -7.8380956750514486 0.0
2.5132741228720334 17.58487089663312 -8.959939247908366 0.0
2.513274122871678 16.987571930474843 -10.046422033962799 0.0
2.513274122871678 16.3232307787867 -11.093256182020284 0.0
2.513274122871678 15.59446929259316 -12.09631031595677 0.0
2.5132741228723887 14.804163560533379 -13.051625839351821 0.0
2.513274122871678 13.955432558282688 -13.95543255828251 0.0
2.513274122871678 13.051625839353331 -14.804163560535066 0.0
2.5132741228720334 12.09631031595677 -15.594469292593072 0.0
2.513274122871678 11.093256182020372 -16.3232307787867 0.0
2.513274122871678 10.04642203396271 -16.987571930474843 0.0
2.5132741228720334 8.959939247908544 -17.58487089663303 0.0
2.5132741228720334 7.83809567505056 -18.11277041112742 0.0
2.513274122871678 6.685318719449551 -18.569187095748863 0.0
2.513274122871678 5.506157865092831 -18.952319682353913 0.0
2.513274122871678 4.305266721168 -19.260656121668163 0.0
2.5132741228720334 3.08738465638303 -19.492979550622636 0.0
2.5132741228720334 1.8573180948520118 -19.64837309479046 0.0
2.513274122871678 0.6199215473280617 -19.726223486838723 0.0
2.5132741228720334 -0.6199215473280617 -19.726223486838723 0.0
2.513274122871678 -1.8573180948516566 -19.64837309478824 0.0
2.513274122871678 -3.087384656383385 -19.492979550624856 0.0
2.513274122871678 -4.305266721167378 -19.260656121665985 0.0
2.5132741228723887 -5.506157865092742 -18.952319682353913 0.0
2.513274122871678 -6.6853187194493735 -18.56918709574895 0.0
2.513274122871678 -7.83809567505056 -18.11277041112749 0.0
2.513274122871678 -8.959939247909432 -17.584870896635053 0.0
2.5132741228720334 -10.046422033961555 -16.987571930473 0.0
2.513274122871678 -11.093256182021527 -16.323230778788545 0.0
2.5132741228720334 -12.09631031595677 -15.594469292593072 0.0
2.5132741228720334 -13.051625839353331 -14.804163560535022 0.0
2.513274122871678 -13.955432558281 -13.955432558281045 0.0
2.513274122871678 -14.804163560535066 -13.051625839353331 0.0
2.513274122871678 -15.594469292591384 -12.096310315955394 0.0
2.5132741228720334 -16.323230778788478 -11.093256182021705 0.0
2.5132741228720334 -16.98757193047289 -10.0464220339616 0.0
2.513274122871678 -17.58487089663303 -8.959939247908544 0.0
2.513274122871678 -18.112770411129464 -7.838095675051626 0.0
2.5132741228720334 -18.56918709574673 -6.685318719448796 0.0
2.513274122871678 -18.952319682356045 -5.506157865093453 0.0
2.513274122871678 -19.260656121668163 -4.305266721167955 0.0
2.5132741228723887 -19.492979550624856 -3.0873846563833407 0.0
2.513274122871678 -19.64837309478824 -1.8573180948516566 0.0
2.513274122871678 -19.726223486838723 -0.6199215473280173 0.0
2.513274122871678 -19.726223486836503 0.6199215473279285 0.0
2.5132741228720334 -19.64837309479046 1.8573180948518786 0.0
2.513274122871678 -19.492979550622636 3.0873846563829854 0.0
2.5132741228720334 -19.26065612166603 4.305266721167333 0.0
2.513274122871678 -18.952319682356045 5.506157865093275 0.0
2.5132741228720334 -18.569187095746887 6.685318719448574 0.0
2.513274122871678 -18.112770411129553 7.8380956750514486 0.0
2.513274122871678 -17.584870896635053 8.959939247909388 0.0
2.5132741228720334 -16.987571930474843 10.046422033962799 0.0
2.5132741228720334 -16.323230778786634 11.093256182020372 0.0
2.513274122871678 -15.594469292593049 12.09631031595677 0.0
2.513274122871678 -14.804163560533423 13.051625839351866 0.0
2.5132741228720334 -13.955432558282643 13.955432558282599 0.0
2.513274122871678 -13.051625839351866 14.804163560533379 0.0
2.513274122871678 -12.096310315956815 15.594469292593004 0.0
2.5132741228720334 -11.093256182020417 16.323230778786655 0.0
2.5132741228720334 -10.046422033961733 16.987571930472868 0.0
2.513274122871678 -8.959939247909565 17.584870896634964 0.0
2.513274122871678 -7.838095675051582 18.112770411129485 0.0
2.5132741228720334 -6.685318719449462 18.569187095748905 0.0
2.513274122871678 -5.506157865092698 18.952319682353913 0.0
2.5132741228720334 -4.305266721167955 19.260656121668163 0.0
2.513274122871678 -3.08738465638303 19.492979550622636 0.0
2.5132741228720334 -1.857318094851923 19.64837309479046 0.0
2.513274122871678 -0.6199215473279729 19.726223486836503 0.0
2.513274122871678 0.6199215473279729 19.726223486838723 0.0
2.513274122871678 1.8573180948516121 19.64837309478824 0.0
2.5132741228723887 3.087384656382852 19.492979550622678 0.0
2.513274122871678 4.305266721168399 19.260656121670337 0.0
2.513274122871678 5.506157865092698 18.952319682353913 0.0
2.5132741228720334 6.685318719449462 18.56918709574895 0.0
2.513274122871678 7.838095675050605 18.11277041112742 0.0
2.513274122871678 8.959939247909476 17.584870896635074 0.0
2.5132741228720334 10.0464220339616 16.98757193047289 0.0
2.5132741228720334 11.09325618202166 16.323230778788567 0.0
2.513274122871678 12.09631031595535 15.594469292591295 0.0
2.513274122871678 13.051625839353287 14.804163560535066 0.0
2.513274122871678 13.955432558281 13.955432558281089 0.0
2.5132741228720334 14.804163560535022 13.05162583935342 0.0
2.5132741228720334 15.594469292593072 12.09631031595677 0.0
2.513274122871678 16.323230778786634 11.093256182020461 0.0
2.5132741228720334 16.987571930474843 10.04642203396271 0.0
2.513274122871678 17.58487089663303 8.959939247908455 0.0
2.513274122871678 18.112770411129485 7.838095675051626 0.0
2.513274122871678 18.56918709574682 6.685318719448663 0.0
2.5132741228723887 18.952319682356045 5.506157865093453 0.0
2.513274122871678 19.260656121665985 4.305266721167378 0.0
2.513274122871678 19.49297955062481 3.087384656383474 0.0
2.513274122871678 19.64837309478824 1.8573180948517454 0.0
2.5132741228720334 19.726223486838723 0.6199215473280617 0.0
2.513274122871678 19.726223486838723 -0.6199215473280617 0.0
2.5132741228720334 19.64837309478824 -1.8573180948515677 0.0
2.5132741228720334 19.492979550624856 -3.0873846563832963 0.0
2.513274122871678 19.26065612166603 -4.305266721167467 0.0
2.513274122871678 18.952319682356045 -5.506157865093275 0.0
2.513274122871678 18.56918709574682 -6.685318719448752 0.0
2.5132741228720334 18.112770411129553 -7.8380956750514486 0.0
2.5132741228720334 17.58487089663303 -8.959939247908366 0.0
2.513274122871678 16.98757193047493 -10.04642203396271 0.0
2.513274122871678 16.3232307787867 -11.093256182020372 0.0
2.5132741228720334 15.594469292593072 -12.09631031595677 0.0
2.513274122871678 14.804163560534978 -13.051625839353242 0.0
2.513274122871678 13.955432558282688 -13.955432558282688 0.0
2.5132741228723887 13.051625839351821 -14.804163560533379 0.0
2.513274122871678 12.096310315955439 -15.594469292591295 0.0
2.513274122871678 11.093256182021616 -16.323230778788478 0.0
2.513274122871678 10.046422033961733 -16.98757193047289 0.0
2.5132741228720334 8.95993924790952 -17.584870896634985 0.0
2.513274122871678 7.838095675050649 -18.11277041112742 0.0
2.5132741228720334 6.685318719449551 -18.56918709574895 0.0
2.513274122871678 5.506157865092742 -18.952319682353867 0.0
2.5132741228720334 4.305266721168088 -19.260656121668116 0.0
2.513274122871678 3.087384656383385 -19.492979550624856 0.0
2.513274122871678 1.8573180948518342 -19.64837309479046 0.0
2.5132741228720334 0.6199215473278841 -19.726223486836503 0.0
2.5132741228720334 -0.6199215473278841 -19.726223486836503 0.0
2.513274122871678 -1.8573180948518342 -19.64837309479046 0.0
2.513274122871678 -3.087384656382941 -19.492979550622678 0.0
2.5132741228720334 -4.305266721167822 -19.260656121668163 0.0
2.513274122871678 -5.5061578650926535 -18.952319682353956 0.0
2.513274122871678 -6.685318719449462 -18.56918709574893 0.0
2.5132741228723887 -7.83809567505056 -18.11277041112749 0.0
2.513274122871678 -8.959939247909432 -17.584870896635053 0.0
2.513274122871678 -10.046422033962621 -16.987571930474864 0.0
2.513274122871678 -11.093256182021705 -16.3232307787885 0.0
2.5132741228720334 -12.096310315955439 -15.594469292591228 0.0
2.513274122871678 -13.051625839353331 -14.804163560535066 0.0
2.5132741228720334 -13.955432558281089 -13.955432558281089 0.0
2.513274122871678 -14.80416356053329 -13.051625839351866 0.0
2.5132741228720334 -15.594469292593072 -12.09631031595686 0.0
2.513274122871678 -16.323230778786613 -11.093256182020461 0.0
2.513274122871678 -16.987571930474843 -10.046422033962843 0.0
2.5132741228720334 -17.584870896632943 -8.9599392479085 0.0
2.5132741228720334 -18.112770411129464 -7.838095675051626 0.0
2.513274122871678 -18.569187095748863 -6.685318719449507 0.0
2.513274122871678 -18.952319682356087 -5.50615786509332 0.0
2.5132741228720334 -19.260656121665985 -4.305266721167422 0.0
2.513274122871678 -19.492979550624856 -3.0873846563833407 0.0
2.513274122871678 -19.64837309478824 -1.8573180948516566 0.0
2.5132741228720334 -19.726223486836503 -0.6199215473280173 0.0
2.5132741228720334 -19.726223486838723 0.6199215473279285 0.0
2.513274122871678 -19.648373094788283 1.8573180948515677 0.0
2.513274122871678 -19.49297955062481 3.0873846563832963 0.0
2.5132741228720334 -19.26065612166603 4.305266721167333 0.0
2.513274122871678 -18.952319682356087 5.506157865093231 0.0
2.5132741228720334 -18.56918709574893 6.685318719449418 0.0
2.513274122871678 -18.112770411129507 7.838095675051537 0.0
2.5132741228720334 -17.58487089663303 8.959939247908455 0.0
2.513274122871678 -16.987571930474843 10.046422033962799 0.0
2.513274122871678 -16.32323077878668 11.093256182020372 0.0
2.513274122871678 -15.594469292593027 12.09631031595677 0.0
2.5132741228723887 -14.804163560533379 13.051625839351866 0.0
2.513274122871678 -13.955432558281133 13.955432558280956 0.0
2.513274122871678 -13.05162583935342 14.804163560535022 0.0
2.5132741228720334 -12.096310315955483 15.594469292591207 0.0
2.513274122871678 -11.093256182021749 16.32323077878843 0.0
2.513274122871678 -10.046422033962799 16.98757193047482 0.0
2.5132741228720334 -8.959939247909476 17.584870896635028 0.0
2.5132741228720334 -7.838095675050649 18.112770411127464 0.0
2.513274122871678 -6.685318719449418 18.569187095748884 0.0
2.513274122871678 -5.506157865092742 18.952319682353913 0.0
2.513274122871678 -4.305266721167955 19.260656121668163 0.0
2.5132741228720334 -3.08738465638303 19.492979550622636 0.0
2.5132741228720334 -1.8573180948517898 19.64837309478824 0.0
2.513274122871678 -0.6199215473281061 19.726223486838723 0.0
2.5132741228720334 0.6199215473278397 19.726223486836503 0.0
2.513274122871678 1.8573180948520118 19.64837309479268 0.0
2.513274122871678 3.08738465638303 19.492979550622636 0.0
2.513274122871678 4.305266721167955 19.260656121668205 0.0
2.5132741228723887 5.506157865092698 18.952319682353867 0.0
2.513274122871678 6.685318719449462 18.56918709574895 0.0
2.513274122871678 7.838095675050605 18.11277041112751 0.0
2.513274122871678 8.959939247909432 17.584870896634985 0.0
2.5132741228720334 10.0464220339616 16.987571930472978 0.0
2.513274122871678 11.093256182021616 16.323230778788478 0.0
2.5132741228720334 12.096310315955394 15.594469292591384 0.0
2.5132741228720334 13.051625839351733 14.804163560533468 0.0
2.513274122871678 13.955432558284198 13.955432558284109 0.0
2.513274122871678 14.804163560533379 13.05162583935191 0.0
2.513274122871678 15.594469292593027 12.09631031595686 0.0
2.5132741228720334 16.323230778786655 11.093256182020372 0.0
2.5132741228720334 16.987571930474843 10.04642203396271 0.0
2.513274122871678 17.58487089663303 8.959939247908544 0.0
2.513274122871678 18.112770411129485 7.838095675051537 0.0
2.5132741228720334 18.5691870957468 6.685318719448752 0.0
2.513274122871678 18.952319682356045 5.506157865093453 0.0
2.513274122871678 19.260656121665985 4.305266721167378 0.0
2.5132741228723887 19.49297955062259 3.0873846563832075 0.0
2.513274122871678 19.64837309479268 1.8573180948521895 0.0
2.513274122871678 19.726223486836503 0.6199215473278841 0.0
2.513274122871678 19.726223486838766 -0.6199215473280617 0.0
2.5132741228720334 19.64837309478824 -1.8573180948515677 0.0
2.513274122871678 19.49297955062481 -3.0873846563832963 0.0
2.5132741228720334 19.26065612166603 -4.305266721167467 0.0
2.513274122871678 18.952319682356045 -5.506157865093275 0.0
2.5132741228720334 18.56918709574682 -6.685318719448663 0.0
2.513274122871678 18.112770411129553 -7.838095675051537 0.0
2.513274122871678 17.58487089663303 -8.959939247908366 0.0
2.5132741228720334 16.987571930473067 -10.046422033961555 0.0
2.5132741228720334 16.323230778790343 -11.09325618202277 0.0
2.513274122871678 15.594469292591295 -12.09631031595535 0.0
2.513274122871678 14.804163560535066 -13.05162583935342 0.0
2.5132741228720334 13.955432558281089 -13.955432558281 0.0
2.513274122871678 13.051625839353331 -14.804163560535066 0.0
2.513274122871678 12.096310315955439 -15.594469292591207 0.0
2.5132741228720334 11.093256182021705 -16.323230778788478 0.0
2.5132741228720334 10.046422033961644 -16.98757193047289 0.0
2.513274122871678 8.95993924790952 -17.584870896634985 0.0
2.513274122871678 7.838095675050738 -18.11277041112742 0.0
2.5132741228720334 6.685318719449551 -18.56918709574895 0.0
2.513274122871678 5.506157865093275 -18.952319682356045 0.0
2.5132741228720334 4.3052667211675555 -19.260656121665985 0.0
2.513274122871678 3.087384656383385 -19.492979550624856 0.0
2.5132741228720334 1.8573180948516566 -19.648373094788194 0.0
2.513274122871678 0.6199215473280617 -19.726223486838766 0.0
2.513274122871678 -0.6199215473278841 -19.726223486836503 0.0
2.513274122871678 -1.8573180948518342 -19.648373094790415 0.0
2.5132741228723887 -3.087384656382941 -19.492979550622678 0.0
2.513274122871678 -4.305266721167822 -19.260656121668205 0.0
2.513274122871678 -5.5061578650926535 -18.952319682353913 0.0
2.5132741228720334 -6.685318719449462 -18.56918709574895 0.0
2.513274122871678 -7.8380956750514486 -18.112770411129507 0.0
2.513274122871678 -8.95993924790952 -17.584870896634985 0.0
2.5132741228720334 -10.046422033961644 -16.98757193047291 0.0
2.5132741228720334 -11.093256182020372 -16.32323077878668 0.0
2.513274122871678 -12.096310315956682 -15.594469292593116 0.0
2.513274122871678 -13.051625839351821 -14.804163560533379 0.0
2.513274122871678 -13.955432558282688 -13.955432558282688 0.0
2.5132741228720334 -14.80416356053329 -13.05162583935191 0.0
2.5132741228720334 -15.594469292592983 -12.09631031595686 0.0
2.513274122871678 -16.323230778786613 -11.093256182020461 0.0
2.5132741228720334 -16.987571930474754 -10.046422033962843 0.0
2.513274122871678 -17.584870896635074 -8.959939247909476 0.0
2.513274122871678 -18.112770411129553 -7.838095675051493 0.0
2.513274122871678 -18.56918709574682 -6.685318719448707 0.0
2.5132741228723887 -18.952319682353867 -5.506157865092742 0.0
2.513274122871678 -19.260656121668163 -4.305266721168 0.0
2.513274122871678 -19.492979550622636 -3.08738465638303 0.0
2.513274122871678 -19.648373094790415 -1.8573180948519674 0.0
2.5132741228720334 -19.726223486836503 -0.6199215473280173 0.0
2.513274122871678 -19.726223486838766 0.6199215473278841 0.0
2.5132741228720334 -19.64837309478824 1.8573180948516121 0.0
2.5132741228720334 -19.492979550624856 3.0873846563832963 0.0
2.513274122871678 -19.260656121668205 4.305266721167866 0.0
2.513274122871678 -18.952319682356 5.506157865093364 0.0
2.513274122871678 -18.56918709574682 6.685318719448707 0.0
2.5132741228720334 -18.112770411129507 7.838095675051537 0.0
2.5132741228720334 -17.58487089663301 8.9599392479085 0.0
2.513274122871678 -16.987571930472978 10.046422033961555 0.0
2.513274122871678 -16.323230778788567 11.093256182021571 0.0
2.5132741228720334 -15.594469292591317 12.09631031595535 0.0
2.513274122871678 -14.804163560535155 13.051625839353242 0.0
2.513274122871678 -13.955432558281089 13.955432558281 0.0
2.5132741228723887 -13.05162583935342 14.804163560534978 0.0
2.513274122871678 -12.096310315956815 15.594469292593027 0.0
2.513274122871678 -11.093256182021616 16.3232307787885 0.0
2.513274122871678 -10.0464220339616 16.987571930472956 0.0
2.5132741228720334 -8.959939247909476 17.584870896635028 0.0
2.513274122871678 -7.838095675050649 18.112770411127443 0.0
2.5132741228720334 -6.685318719448796 18.5691870957468 0.0
2.5132741228720334 -5.506157865093408 18.952319682356 0.0
2.513274122871678 -4.305266721167511 19.260656121665985 0.0
2.513274122871678 -3.087384656383474 19.492979550624856 0.0
2.513274122871678 -1.8573180948517898 19.648373094788194 0.0
2.5132741228720334 -0.6199215473281061 19.726223486840986 0.0
2.5132741228720334 0.6199215473279285 19.726223486836503 0.0
2.513274122871678 1.857318094851923 19.64837309479046 0.0
2.513274122871678 3.08738465638303 19.492979550622636 0.0
2.5132741228720334 4.305266721167911 19.260656121668163 0.0
2.513274122871678 5.506157865092698 18.952319682353867 0.0
2.513274122871678 6.685318719448663 18.56918709574691 0.0
2.5132741228723887 7.838095675051404 18.112770411129553 0.0
2.513274122871678 8.959939247908366 17.58487089663303 0.0
2.513274122871678 10.046422033962665 16.98757193047493 0.0
2.513274122871678 11.093256182020284 16.3232307787867 0.0
2.5132741228720334 12.096310315958148 15.594469292594848 0.0
2.513274122871678 13.051625839351866 14.804163560533379 0.0
2.5132741228720334 13.955432558282643 13.955432558282599 0.0
2.513274122871678 14.804163560533379 13.05162583935191 0.0
2.5132741228720334 15.594469292593004 12.09631031595677 0.0
2.513274122871678 16.323230778786655 11.093256182020372 0.0
2.513274122871678 16.987571930474843 10.046422033962799 0.0
2.5132741228720334 17.58487089663303 8.959939247908544 0.0
2.5132741228720334 18.1127704111274 7.838095675050738 0.0
2.513274122871678 18.569187095748863 6.685318719449551 0.0
2.513274122871678 18.952319682353913 5.506157865092742 0.0
2.5132741228720334 19.260656121670294 4.3052667211685325 0.0
2.513274122871678 19.492979550622678 3.08738465638303 0.0
2.513274122871678 19.64837309479046 1.857318094851923 0.0
